4087
2838
4601
16048
1919
1337
292
732
407
970
425
93
263
1944
1228
4737
204
780
393
53
224
1016
702
88
656
1201
585
275
180
654
4
946
1409
411
4
951
470
300
231
1236
237
886
403
369
13
1660
85
1479
693
674
2
231
81
274
1229
606
2148
245
400
99
519
1789
7369
1539
383
2422
110
11
524
7548
7860
3051
25295
3407
30
2347
3923
304
2212
2253
34
11
6
1792
251
547
4875
361
346
212
6613
4415
368
400
2150
2399
3504
4001
2643
3318
4036
9747
7176
15274
1564
1268
4449
722
223
1319
1652
1973
123
2371
1174
353
406
1950
16
1381
761
736
6677
508
1543
894
1433
915
269
800
66
881
1789
2116
649
3748
4988
425
4418
9240
10038
1984
1776
3393
2341
247
117
482
1648
3527
1273
812
1255
1652
794
3480
1573
24
96
2263
1557
39
582
865
33
759
347
614
250
341
216
710
11
777
2252
416
107
33
768
73
1928
1926
1020
2601
358
1242
30
1465
2530
2641
2774
2398
3242
699
952
2581
20389
624
1191
923
649
1170
2040
592
1589
247
825
691
5259
1767
174
187
1084
241
137
1950
418
29
86
20
303
510
65
336
1002
54
2
187
180
338
23
286
506
405
827
24
1480
224
170
803
325
1055
609
657
605
118
32
2982
149
65
989
5
413
64
299
121
296
35
505
655
109
261
566
1728
569
1558
73
4296
236
8618
20
2237
2273
13045
5801
5404
698
1727
1363
2091
9023
29
1733
2170
19
1322
1204
85
586
180
893
2977
0
1051
150
432
442
2418
618
1867
466
175
409
145
150
4
27
148
69
2579
940
50
3376
44
1565
192
1215
362
286
1331
105
2114
1714
77
3276
867
4463
4010
19796
1220
929
354
873
1325
1111
2526
3383
2150
1980
1474
1388
115
297
1132
528
86
1034
612
588
68
1237
44
401
772
1227
89
2398
1440
267
213
303
335
1572
1049
1001
199
1868
2598
48
704
23
439
366
695
1048
756
3568
368
1771
740
1394
217
732
434
338
255
1335
3868
2988
1294
884
14292
11277
314
501
954
518
1147
304
700
443
279
561
2423
1966
793
587
747
628
20
128
691
829
581
346
1234
1296
702
548
426
899
122
122
239
201
14
2810
548
598
322
2619
96
842
258
146
0
1084
1750
184
1168
134
444
277
744
362
1809
2067
331
3230
693
2166
337
153
1671
335
4223
363
362
0
834
1218
630
3035
1102
132
13026
16721
2041
1313
789
571
628
603
699
1105
1874
2681
2
1884
413
3967
1276
35
1891
113
662
74
6
914
42
144
1151
2718
4131
1122
1578
1299
1908
198
18
1818
2824
724
816
1217
1555
33
2
6
506
1072
3248
4148
4043
512
1361
3032
752
2262
10448
2546
3314
2024
701
1238
3143
2286
4117
2142
1623
450
43
1042
1348
1662
1494
105
680
2
41
1100
399
84
1020
209
1642
66
1290
513
1306
727
4262
167
2327
192
851
270
282
16
715
815
2578
3080
816
50
251
104
111
188
5760
3470
14216
8277
171
1387
1945
2220
8
389
2112
1324
1032
3547
3041
995
190
421
2729
705
1083
101
209
1575
426
547
3245
868
88
1075
105
1207
108
789
2836
3627
223
1651
236
171
312
2992
12
373
1231
213
340
277
243
387
870
409
5953
1117
9402
6166
5418
6015
5704
396
131
624
154
238
78
4255
3963
1570
851
576
1582
2508
641
577
301
1429
471
94
1343
619
1128
2141
1226
502
1393
20
71
785
2645
1
1075
2080
339
2649
414
2593
8288
266
10
829
28
1832
5987
1241
15148
11399
372
1354
1316
579
2264
1577
65
5607
1996
928
158
247
3534
794
60
1654
674
253
1154
731
851
327
10
89
189
10
99
1520
291
1689
404
928
51
340
280
3089
581
2064
10
1308
364
1205
1919
355
169
836
803
253
217
887
402
521
2013
198
629
854
371
1568
1491
1244
3717
32
24802
1338
754
169
1571
3191
1734
2488
803
2667
859
890
164
2598
1296
26
665
83
433
510
505
35
759
10
153
1177
1107
331
451
134
244
337
45
2
2903
831
1940
561
29
367
108
388
417
348
128
1004
87
1324
319
664
429
88
414
784
80
410
1565
326
1562
227
180
666
103
649
883
60
244
655
2631
106
2136
852
1761
324
2599
2240
1950
13600
6780
4155
674
512
1186
287
797
268
1694
690
264
1125
784
620
1646
25
861
791
1258
195
320
1721
452
363
70
517
390
668
1203
1399
751
679
152
335
557
17
814
434
446
1067
147
189
1527
486
47
104
221
1400
159
1232
290
715
789
335
271
311
1817
130
13
495
493
73
3292
672
291
1595
6029
2704
1454
2483
2224
7292
12205
14291
4731
843
827
15
2317
791
1031
983
545
2159
42
1764
662
6
4
1513
3374
1102
441
192
1384
813
490
3439
377
185
1380
1641
4977
84
532
787
866
1033
53422
546
1498
1502
1575
3880
915
879
2791
2577
3022
181
23
1236
1600
2287
1249
3636
676
277
1119
6517
4076
342
8
97
774
206
333
223
1458
277
402
418
21078
4792
1376
247
1426
570
192
15
1632
1096
5686
2125
319
3524
469
866
1727
1600
1027
531
353
32
1876
999
225
1465
958
191
381
1011
251
68
955
173
1001
524
170
132
693
16
1330
205
64
396
876
471
267
319
611
66
868
914
420
88
1844
668
2601
644
1550
3332
966
7308
12985
12712
369
1804
2682
302
35
574
2660
4111
2164
439
172
682
2096
189
240
1714
606
377
248
565
590
1569
734
2322
815
569
432
93
179
152
389
317
204
1131
109
1028
22
256
733
270
557
1789
661
4
1875
1008
771
204
871
1559
257
122
401
455
1212
1142
887
565
1668
1790
587
616
166
347
1660
826
1745
721
1341
4293
1395
757
2412
20479
1547
21
2279
1603
252
1197
452
393
830
719
7617
1181
1218
479
4252
615
1375
6928
404
81
985
1358
310
891
390
2508
2
96
1329
957
2332
202
1389
224
1323
854
515
1152
2421
805
1751
808
4398
4605
7247
5417
5451
1224
237
355
688
2088
2330
145
3265
2248
3236
577
7
459
1785
183
790
185
479
762
553
451
1626
685
80
410
1724
1691
493
512
2432
1001
1686
95
568
81
332
737
31
2311
131
864
116
81
130
123
389
822
752
1230
783
193
4310
198
1248
563
587
191
480
2192
643
1662
5418
24861
545
1394
1840
236
7045
796
1807
699
2351
812
129
968
1109
786
143
306
510
221
106
886
16
2
252
954
315
664
1066
507
861
555
13
6
112
692
37
88
482
616
473
55
1187
879
509
664
37
292
546
637
562
1445
877
171
483
310
1711
94
980
115
116
90
3515
607
1491
1092
8
37
659
1231
1523
581
1174
44
1209
1825
781
1851
1284
2081
695
929
3481
671
44
649
22265
2062
514
2894
773
1263
639
83
26
1318
383
1599
19
1046
402
2
1895
669
1092
436
68
1376
2967
3930
4700
17
6
1608
974
1365
29
2
609
1563
483
330
1309
67
1061
2
217
255
799
2067
954
388
10
1656
340
4857
592
457
11
59
1897
1270
3169
6239
2809
1684
683
106
12317
11206
6938
203
2236
43
1108
567
2896
848
1014
579
288
442
620
583
740
1466
4687
2689
1134
194
1283
580
2051
236
2426
246
619
2849
394
2161
37
2993
228
842
24
1134
1
2
1456
483
13013
7809
1505
368
9
3544
819
1111
34
759
2562
1265
1815
2136
1436
819
836
1276
361
2450
422
233
709
221
6
140
166
266
591
884
190
67
671
480
111
1623
1521
428
26
788
710
258
929
67
1144
168
113
699
490
29
83
228
257
936
14
36
9
1110
604
1257
629
25
38
681
1018
855
396
303
266
2249
305
38
295
2051
1250
472
2434
606
152
4298
16
282
39
582
198
2129
35
1908
6677
12
7137
10358
800
2684
622
623
666
981
1021
1630
2546
1016
79
2199
712
153
1821
1162
901
61
122
334
608
715
1135
130
890
551
6607
2839
1103
221
27
1193
4
107
154
410
101
782
11
233
481
87
251
1899
1069
575
357
771
1198
3918
166
4126
2331
11
683
1173
329
931
1877
1088
1009
12
2334
2433
8872
11675
26
2184
233
1640
4159
583
2204
968
3204
323
134
346
457
1707
81
66
52
2156
665
410
313
993
1130
1046
178
359
619
848
1314
216
330
21
679
1277
654
53
661
739
25
416
1065
896
37
12
432
582
1121
19
126
664
542
652
1588
323
1210
143
513
796
1318
352
6
94
93
365
51
2084
182
845
66
2495
423
391
687
2827
378
1819
585
826
3
628
25
36
213
11
22897
417
1026
1696
196
2369
3550
1312
1533
640
2253
1778
1134
1893
934
1833
800
435
569
781
1594
1482
917
1093
616
357
2117
492
2040
445
1851
814
64
376
292
452
857
1857
1021
159
160
2076
115
7
151
320
215
604
1281
311
280
1501
1076
1652
2796
1981
2035
292
1513
2040
3680
20101
2112
3335
729
225
2455
924
2
1135
665
1035
2226
881
499
346
773
1074
193
738
2394
353
2413
154
848
52
528
459
321
26
25
425
45
136
104
59
100
2
556
25
378
108
690
326
257
659
1733
175
148
268
399
94
98
828
874
571
344
338
5
617
599
254
420
134
838
710
14
1039
403
373
397
155
1288
404
1273
1136
488
346
481
1107
6
359
53
1651
242
2275
72
1794
1437
1804
2037
170
25893
1587
3895
631
1147
143
287
839
1175
769
538
5072
659
28
2
906
41
96
1146
664
1475
1493
526
234
1667
474
414
1113
270
108
894
4
446
728
1159
495
269
5
701
2135
1629
1140
615
345
623
87
233
978
39
582
1064
2697
9730
24
1251
1928
5
240
136
3306
1445
223
783
27
608
3581
17423
498
5440
3200
4403
1731
464
40
93
2951
1290
1294
2835
2136
533
2515
156
577
580
110
749
1568
563
678
49
526
729
4
370
2060
43
250
604
3510
285
67
113
1981
45
520
1457
230
244
61
365
1183
273
9
1852
900
944
2380
454
881
1382
3009
236
342
285
1349
1038
19609
1878
1758
846
1240
1117
892
7073
497
1830
481
691
2
550
1698
2
20
1276
752
472
123
1317
255
1390
11
2092
279
144
118
579
86
1116
111
1645
754
193
1078
78
2938
113
321
389
738
118
466
307
1003
277
720
505
220
1880
130
525
35
1669
530
355
1047
1154
6716
1953
34
1790
493
284
869
1881
1381
21615
191
2582
2429
1981
351
382
2579
1245
2268
524
549
461
208
1599
237
1482
2840
1671
1257
77
554
414
97
1726
50
827
221
1339
31
74
1383
18
1694
961
3863
67
811
305
1416
864
585
40
305
1123
806
284
483
272
53
1807
126
1430
2329
2716
9085
15623
10969
182
218
724
706
741
504
2269
1364
2729
1515
975
2601
2
272
3351
1650
1362
1257
84
470
491
138
2628
785
776
471
599
190
352
11
362
214
476
1127
746
268
44
779
315
109
83
4
1055
49
656
2827
3103
2066
818
1086
774
17
1811
2283
899
593
3186
1831
11
3437
4129
17155
1637
2192
1785
1641
339
3856
2022
59
643
1515
1683
1157
513
420
990
3
397
279
136
392
572
490
436
680
899
1020
87
428
364
1087
837
94
152
3883
1527
434
306
1022
574
1023
346
27
1565
451
796
29
1708
228
1161
1310
780
110
789
212
662
933
1303
539
22
1026
734
875
2119
204
1452
893
232
807
862
919
137
5314
14053
7641
1157
1612
689
714
1784
591
88
440
658
2234
3881
2654
1327
33
1106
195
234
876
390
619
1755
508
91
257
4
1840
1130
231
326
283
12
2600
3599
101
2296
12
2177
9
2771
2646
220
399
120
177
1793
7160
7109
4952
698
5187
16408
16008
76
429
3524
1933
286
55
6006
830
4068
6403
2520
10571
344
755
194
631
8986
1800
3823
3784
3274
1472
23
3306
1819
2940
4406
2364
9513
716
2569
2139
439
3167
1586
2147
316
1046
940
566
144
113
339
2483
2292
1632
1198
129
365
165
863
160
1754
1728
584
2150
7357
294
451
1248
396
12
7456
374
2309
628
385
160
2582
11
709
8592
8236
1439
1718
2529
5032
1363
1860
4
798
415
1322
878
1422
4175
391
1703
2182
8
31
1657
1258
1267
499
2008
338
37
1080
2248
1438
618
2146
41
38
1470
760
1584
113
610
1127
3201
527
2061
439
3857
3451
12829
7867
6006
594
1638
446
7239
1508
1816
147
143
597
1441
27
747
340
80
337
2132
74
97
4521
424
2978
22
71
280
1254
140
591
602
992
456
48
95
662
978
265
85
191
221
473
71
1016
18
187
893
1120
450
104
290
14
895
1197
766
1515
231
586
1507
321
57
271
2187
3544
58
2026
31
3830
169
540
4239
662
8951
11125
644
300
2538
799
1020
2
307
251
111
2191
246
2566
301
62
16
790
1147
419
389
2275
974
343
1250
60
258
198
2
1110
1789
1377
1404
551
387
495
915
1103
3231
140
369
803
208
1201
111
364
465
460
889
204
23
14
97
26
1411
404
2185
105
255
209
116
163
1864
1551
432
102
865
1690
44
211
926
659
1094
2050
2740
4132
12428
2095
5074
83
2464
2504
1654
1300
1440
548
119
2493
1520
45
525
42
143
2541
1803
731
1325
432
417
241
120
361
40
747
795
224
11
72
2642
38
962
64
2178
1048
2273
121
1051
75
1321
841
287
75
226
724
48
246
480
22
286
501
1099
273
450
119
181
64
477
222
337
1117
55
922
52
600
228
10
490
8
713
945
1055
285
877
179
737
315
396
551
2343
654
1968
2448
4950
409
141
2177
2817
5568
9093
7829
133
346
193
1144
1431
543
2087
699
80
2
2661
444
1144
1453
25
2307
586
571
1230
389
299
716
362
1065
1472
652
2713
783
320
487
386
75
178
552
278
34
62
124
55
213
955
163
980
543
151
208
239
349
936
748
214
1134
87
688
500
356
61
114
743
329
2712
1251
584
1827
1644
109
1542
8483
4803
4130
788
2788
5596
3093
7951
7406
59
131
2706
2168
248
256
2239
17
1782
1921
99
3149
1240
4263
323
38
44
681
619
193
195
914
312
2210
509
2808
1981
563
3098
520
2918
740
3201
38
2345
1356
1060
146
639
3236
3481
1
26
3012
2
404
3557
1481
4596
2369
2855
926
8083
3403
729
471
19
9575
147
5641
157
1589
457
3118
1478
517
3881
36
2
115
1905
3299
14
2
135
134
2151
775
108
578
710
32
1780
376
465
1419
389
1458
876
1438
1125
1911
601
15
882
1411
857
4972
1579
106
15157
7073
2523
150
2398
564
300
5417
408
19
1
8
4367
137
243
16
1360
345
689
5492
473
1000
1242
766
786
3246
55335
813
6436
259
757
715
1523
3255
701
1218
869
1257
2565
1296
531
2561
514
35
1302
2369
352
3486
192
355
457
1406
50
283
1089
22
818
1015
191
17
165
3
1540
5335
22
14988
3087
23666
1123
1655
1943
19
17
2233
1659
190
3047
2253
777
563
3031
17
272
57
1912
981
145
3134
3275
2939
1943
1873
1051
396
821
844
793
965
176
1072
182
572
192
601
306
919
607
9458
2691
2192
13633
37638
3485
2999
632
554
40
4363
1139
8
207
1602
80
2
1070
603
389
2910
4497
2381
2825
5261
2320
11342
6075
3880
136
2018
6436
2830
22
5947
2642
1492
949
1060
463
450
1089
91
1010
332
575
445
869
6254
286
1042
1739
1016
416
1114
1111
410
190
515
5234
5835
7529
1575
12466
11857
2626
8288
4054
107
1711
13
614
7677
1710
64
430
25
227
47
4091
310
1356
3274
1631
1004
1189
1968
7857
3195
4
3
63618
1
0
141
1
3677
961
5595
5404
3503
3606
619
352
1399
5040
1173
5000
4
8874
10324
2821
1019
2075
1809
2675
676
943
2024
163
624
982
931
809
1371
795
677
1934
738
762
857
2097
32
179
2325
1103
126
3212
654
4648
1215
514
1830
756
137
506
290
4926
6327
231
3022
5530
3264
19871
341
2511
2638
1323
2871
4065
2400
139
17
992
319
1843
757
866
434
921
1762
1
274
1460
322
944
1404
822
64
543
1575
1009
167
80
578
899
395
552
251
424
1686
536
1554
459
1099
1623
101
725
2202
7963
6942
4710
9345
12344
1231
1430
1349
39
4119
125
779
63
4653
998
198
2
1654
6755
1456
162
17022
671
10505
1911
930
2851
37222
326
2158
226
809
3856
781
3886
3137
381
620
2370
4417
2436
954
793
3537
3063
13
919
2827
6111
656
1498
4207
14756
14154
1581
4948
2672
3089
1463
167
4124
1948
1243
661
897
755
245
112
4016
1778
2079
1107
4092
458
123
309
527
20
834
14169
1933
8478
7322
5771
19280
1252
496
4724
8807
5096
572
11
2098
1368
2765
8992
14497
3747
399
3810
2639
1841
17862
1082
4625
2418
918
2074
2186
911
1447
913
903
2113
2907
481
26
68
2542
2567
455
3155
1181
36
25
2334
632
1822
2416
1676
2320
2239
2236
2192
1519
167
398
1244
13523
11141
223
1303
681
278
2342
447
179
2858
2012
1237
2319
1035
1866
125
1626
2276
955
25
1921
172
1054
2056
1143
4117
1063
765
21
1298
83
144
199
1031
257
1343
517
1426
353
45
4
921
757
444
529
822
83
198
871
1080
1772
376
1651
1888
160
6037
41
2450
14231
8771
1364
2966
976
1103
249
3593
1924
2846
17
2628
246
852
1772
720
1889
617
1130
1473
1152
4245
39
135
1361
1181
795
254
553
37
733
466
1073
459
23
797
177
2085
471
1677
1646
305
1585
737
2199
1894
9
17
2147
2564
1663
3593
412
1426
2587
657
832
9363
4105
6519
1196
301
1813
289
4003
5184
506
1402
43
567
845
515
144
128
13
774
490
2319
274
1868
433
4370
331
27
93
1409
868
1184
668
833
280
261
197
52
1398
797
25
107
942
31
10
1743
3400
1130
1075
793
817
939
704
85
2142
1243
120
6325
3924
783
13734
8323
394
2695
1800
753
4512
218
874
885
207
5698
545
74
844
587
588
271
1542
1015
795
553
49
1034
1608
1196
892
1167
33
1201
3453
721
1267
619
2300
42
32
488
1281
4
1499
923
797
1555
713
587
2
1472
6643
5241
3413
12669
9770
1963
5
1338
1253
780
939
2218
805
1121
314
485
2297
15
88
1961
759
184
315
850
102
596
2147
1577
719
3244
508
595
65
650
76
5
1086
782
1912
2334
415
670
1439
338
1597
219
1097
145
383
2239
1853
1090
41
714
1074
704
405
855
242
1883
3516
894
207
403
4986
228
865
1737
1839
962
1618
137
834
279
6357
6523
10592
827
1
4988
661
637
644
684
14
2640
210
2505
610
1938
178
548
6
439
3611
47
2641
809
48
153
3182
1383
509
206
196
55
6
2456
659
3011
1033
923
2173
293
671
749
1523
571
164
1425
2527
4047
1091
5150
472
769
8663
3625
4668
9387
2772
18
200
2988
19
2736
2641
919
1171
320
590
1561
9
659
2542
1087
3853
1784
855
1098
638
249
1521
1832
2260
2
973
45
10
14
2
298
386
11
11
2043
2714
1204
1089
20
435
600
267
1578
915
838
221
4974
2250
2999
11276
9238
303
1897
1817
171
4340
606
2095
1060
157
351
1407
456
1982
112
288
2329
567
446
104
1163
75
912
410
425
234
559
1292
1333
1086
507
265
730
1176
751
174
134
1540
280
6
825
352
180
13
61
649
1808
176
348
40
12
557
306
245
209
411
275
48
124
132
58
943
175
32
28
588
2857
753
275
10
1770
286
337
12
2998
608
96
143
51
49
19
619
5538
10
255
1800
2661
71
1002
971
5570
6739
7678
761
2560
172
836
3
46
670
90
427
1422
320
452
822
1640
3121
1694
1415
1581
301
1809
82
435
1020
178
50
1713
1570
212
325
344
170
1232
8
2200
17
138
652
300
568
1393
1244
3509
994
584
1078
919
78
88
26
112
461
643
169
1570
1520
148
152
23
1651
98
1034
250
254
453
2060
630
1397
1261
679
249
98
1812
2170
859
2156
3721
20990
949
737
615
1116
1179
1056
1899
4703
29
279
450
885
1100
1752
120
1023
248
7
280
442
160
140
31
738
462
210
231
455
501
766
2567
876
105
818
501
1851
433
233
28
5
20
101
1097
491
1249
835
2269
413
2756
4586
1172
2120
444
960
3392
4161
5394
3783
12098
7967
73
1914
1717
85
145
1751
1859
1024
3494
1814
1845
302
1422
422
29
780
79
410
698
154
260
887
258
1104
1450
584
156
58
628
615
31
659
1541
1331
84
869
991
552
135
1423
100
416
172
1323
72
439
56
2
387
314
21
342
86
1103
953
151
1507
64
2507
266
218
1237
900
297
365
1918
1536
2696
2735
668
1905
4521
840
2168
259
12301
8745
1547
1142
128
1258
2391
802
711
523
2078
7
2726
2763
1730
353
864
577
260
913
1173
1361
1076
409
209
226
242
1133
19
1092
1145
657
653
3198
794
74
5
2213
291
715
526
316
46
396
237
1630
448
34
56
247
361
175
466
129
698
811
795
1416
2172
1175
1879
2391
5273
2847
1777
3557
9514
4614
7769
46
7633
825
4673
631
1098
104
307
163
663
254
1575
1553
727
628
23
126
194
451
685
19
1037
7
1638
1034
430
37
1591
1071
8487
1691
78
22
1017
972
577
1313
1148
2539
412
693
1398
81
274
1858
1223
793
279
7190
234
2137
1941
1420
4513
2387
657
4238
9445
3633
675
4376
892
6308
104
1321
27
14
8322
5057
1337
2927
26
455
600
2276
126
3263
457
1683
1535
2238
1348
2498
4717
731
373
1553
5772
7440
1859
4080
5735
178
698
422
2484
747
1215
2216
240
2836
4025
85
54
6
959
1528
343
290
228
217
444
676
1985
669
14
23
282
999
652
100
542
1080
95
605
2046
143
911
40
480
752
75
138
302
1282
1024
1146
242
110
1262
272
944
273
847
3011
106
94
308
72
2056
359
516
62
1892
1373
993
268
935
156
24224
2874
6080
246
1041
824
272
669
2775
376
558
88
260
2482
1488
19
555
1136
2602
5
1498
2782
38
633
303
2692
29
99
718
129
23
229
561
437
301
994
2518
627
587
341
589
2180
760
28
79
1181
212
76
377
832
489
371
264
573
467
797
392
2287
365
11
1819
23
448
677
509
441
141
2
193
626
58
228
131
378
68
484
232
226
737
153
486
53
625
3675
1093
5069
1585
1626
3795
7461
9153
1035
663
1093
1645
581
2577
336
67
339
2636
4
468
286
56
196
698
3888
114
340
566
490
1364
768
44
899
249
37
85
224
2076
238
129
1136
731
578
126
75
328
101
500
26
23
1556
41
177
434
802
297
837
1892
304
625
37
68
1909
403
57
912
1608
481
264
1250
301
454
800
42
327
523
60
251
1066
250
797
143
1301
25
681
87
987
1074
2160
30
13
167
9024
362
1596
1150
1032
3254
7375
5472
2889
313
1596
346
800
620
1801
628
213
393
854
1213
3447
993
420
339
1090
1104
447
381
962
203
840
99
582
291
431
470
435
11
625
248
71
115
682
3940
444
705
1220
699
1619
293
165
145
857
298
354
147
158
1136
200
456
1266
4
826
1220
151
302
14
94
67
418
282
336
228
81
97
309
229
368
1128
228
254
760
84
4970
2
1162
27
1718
147
3882
959
476
78
4923
374
3329
12193
4961
3104
2579
5338
4445
7
878
2465
388
326
1108
93
148
1105
17
698
182
413
33
153
654
269
324
480
366
117
557
1081
801
180
247
72
540
59
161
254
322
1701
512
242
923
139
1244
876
291
654
363
681
809
208
480
203
282
73
5
680
204
597
2907
905
282
192
812
787
669
1104
321
1352
1150
35
210
171
1561
1019
2173
51
38448
328
1
0
3953
109
239
379
769
293
4506
911
280
171
1107
319
1246
75
679
332
392
5342
858
2127
644
1183
847
594
10775
147
1454
12106
4136
13037
2
2211
6301
6099
4310
1057
6925
1132
5503
995
4295
4
303
997
2349
240
417
86
960
1055
335
285
3465
2126
9
85
2603
2398
1076
8711
639
2684
8915
1095
10189
3711
2673
6885
4758
5487
2252
3236
1495
258
176
659
80
1092
5204
54
1859
359
123
1015
1982
813
107
1459
139
1153
687
3293
2560
1875
155
457
25
25
6351
733
643
27016
6330
137
761
216
4
84
129
123
1452
2007
118
1859
374
1946
83
1177
1941
708
1157
1387
423
1032
138
1021
504
717
898
462
234
92
324
102
641
489
91
4
1533
850
495
58
43
4007
114
1180
43
170
52
203
221
471
1040
269
500
303
1111
1542
826
776
6
148
17
830
646
64
705
379
495
289
399
363
344
1082
1472
30
107
412
480
2033
3890
493
801
2176
5
535
238
4273
1575
1060
7847
4730
8110
449
786
135
89
717
400
242
2453
856
1574
819
447
1604
2309
1125
1779
639
2826
130
253
34
174
55
31
18
175
138
36
498
53
201
558
146
492
74
848
517
400
53
489
1941
294
735
63
2260
462
1085
235
670
318
34
513
317
95
502
468
166
191
235
199
31
390
456
487
446
33
47
223
200
372
83
1079
54
193
406
167
590
90
2206
1340
961
281
312
367
197
770
500
72
564
195
1723
1027
789
295
197
406
274
695
2118
954
4148
3179
125
820
6212
15236
1004
138
561
1370
3080
292
789
7
3
144
68
1494
791
886
2614
1775
4
634
642
948
42
294
362
1025
65
510
1
14
1242
235
2277
248
327
1466
88
3442
1096
1294
352
1749
34
368
502
41
273
794
651
598
289
185
669
19
80
320
104
33
882
29
326
954
2686
234
218
1397
279
392
28
1130
32
358
165
278
500
1952
18
1076
5142
806
1004
4142
1968
941
9495
2353
10512
239
2305
1983
2395
1231
1134
1553
396
413
494
397
1759
1206
797
421
442
366
667
823
20
408
92
1933
1179
419
97
1221
2171
1009
1207
1451
346
1940
70
171
19
92
851
192
136
152
860
772
89
796
873
206
121
861
743
545
166
795
917
43
751
3221
409
1450
34
643
41345
0
1328
1492
404
1058
1815
1498
3066
444
529
1123
2598
438
232
54
513
685
1988
371
919
1502
1
852
394
696
649
369
44
2390
509
101
4057
840
7
409
324
2719
46
156
2087
944
10
341
157
1720
2610
156
376
561
911
297
5528
946
3294
4
3105
31
87
3258
9242
11166
798
1815
14
1264
1998
1112
3794
5973
1377
32
15
511
1192
419
2484
2090
155
2880
23
2058
2333
2
1704
6
513
1136
181
158
573
101
83
0
389
35
178
801
3635
369
533
1248
39
2
1901
71
22
1871
6
1462
10644
134
521
2577
12032
9269
1515
1063
517
1636
1281
4303
1742
833
1540
1819
233
521
364
501
1461
2649
698
328
365
746
242
240
89
1969
726
2314
2
74
448
19
965
38
1358
993
63
425
214
257
177
321
414
1008
4
116
459
107
377
51
380
52
121
1007
2
513
583
48
294
142
2636
969
1953
70
341
138
126
739
185
1115
197
176
2017
399
397
80
6
2887
1155
57
2461
2043
2
560
3152
22124
1205
509
1094
326
2263
1329
2656
15
3574
572
1853
490
516
56
581
936
120
19
334
880
196
572
250
52
701
460
1714
500
10
824
30
1780
170
43
856
302
314
477
380
200
1078
67
195
189
446
30
1189
92
641
457
963
30
4
1098
1102
197
8
1094
834
291
51
334
28
686
278
1489
461
88
848
271
380
1283
508
647
58
257
382
273
195
486
773
101
1565
1493
1464
990
2431
549
1407
270
15
699
1476
2666
606
12140
8511
1513
35
672
77
1213
311
419
137
114
429
3040
1347
550
764
926
13
834
1415
506
51
747
441
2707
1225
94
167
180
178
1013
243
336
487
103
1280
414
479
538
176
187
561
11
510
878
922
129
637
435
366
15
1585
480
860
1142
378
187
121
819
35
389
1801
253
1606
576
63
700
720
235
2068
203
10
810
1290
9
3119
403
1578
1101
1061
104
2539
882
323
153
818
974
8
604
2143
3000
1571
303
798
19244
1599
691
478
378
332
937
635
202
716
255
95
622
246
5
818
383
1291
1668
355
62
551
2027
942
479
979
196
502
88
1287
778
425
96
36
439
1586
46
13
97
559
597
14
329
85
1234
402
66
273
629
1639
328
1811
439
4266
4625
11
1914
337
1061
571
830
831
2131
1048
349
1
2344
288
1031
1018
933
22
2268
995
4431
1087
2576
24001
1252
771
218
115
435
3284
778
619
140
1425
1143
97
543
852
144
1552
2155
470
1273
1128
941
697
130
413
14
105
575
229
777
386
1285
311
3166
616
6
521
253
1540
153
17
530
349
266
50
291
5
124
664
277
975
313
71
11
4
63
169
2
252
236
113
29
542
380
1289
564
53
452
734
295
1171
1036
81
321
405
1610
291
810
149
2954
305
1449
2816
283
501
