7706
14452
3484
5955
6261
10738
112
47
4484
5243
12998
1328
919
128
1932
37953
823
2115
437
3379
1543
7869
6019
710
1431
1087
2555
4060
5622
1137
1101
11627
4887
1708
8131
16369
3171
4238
96
1443
3310
1946
6327
7451
3674
451
3594
3314
889
585
3
1516
114
203
442
1402
3175
266
1424
605
1320
2661
70
3238
1302
4339
2138
16598
7984
1394
11717
1366
705
5273
8103
8281
4670
580
2237
9622
1050
60
663
1670
6196
3260
12787
3415
3429
4386
6230
244
10759
3006
402
3712
9063
13421
34876
3622
9619
2433
6622
330
3025
3400
4505
227
2
582
3868
8224
2993
2733
1186
3235
11385
25929
14449
1808
1574
1449
19562
4
5704
18090
11
8679
876
3584
12404
1144
1586
18730
629
5245
7762
5170
638
898
2809
440
313
5269
6767
16428
6869
2475
3503
257
4820
1565
853
323
4055
2628
5584
263
2036
9085
5573
2070
943
4961
3
24155
1773
3132
6892
2580
4252
6557
13061
1825
35
1392
1200
454
911
5130
454
991
2744
1364
487
7
6276
452
1778
1653
4991
23
15749
3275
1735
2936
1925
3261
968
5963
8134
129
5799
1414
39
15631
2783
1135
9912
5819
16380
4545
13563
398
923
2264
1858
7090
5424
2336
3177
3121
626
1318
2904
2032
507
647
12176
4306
25
1986
5531
694
8409
7841
17417
4397
7207
1776
7936
2684
2538
6
3835
7855
2502
772
14053
15315
24
12847
8231
11399
4682
6984
16682
15856
4835
2810
17247
2326
8220
2255
1
1432
738
29
6147
2097
7258
2862
1931
9081
8161
13096
3537
2775
4124
321
4520
1055
10718
141
2121
3811
3154
1895
3882
725
1612
2913
10472
2137
20362
6151
3932
4921
362
4722
8238
1623
1808
112
3347
7245
8088
5101
3513
4275
4332
24719
7435
720
765
2296
4362
4955
3941
4773
1046
13230
4723
1664
360
723
466
621
94
645
52
935
342
4022
8526
11851
8322
3090
4182
834
279
7231
68
5554
899
1586
158
757
242
189
2187
1723
1268
2384
384
1642
508
3576
88
7887
704
464
658
440
2786
3361
26255
43
8442
5175
8451
10088
1147
6165
2048
2
660
6607
9812
6141
3742
723
10268
19934
33340
8142
7100
1424
7442
125
23469
12367
276
273
3618
4323
2663
1199
2070
1097
990
235
924
2104
2718
1526
642
66
859
914
2408
7687
7319
2124
2141
1791
2166
40
3891
31656
3040
91
4090
2577
2393
551
2711
352
363
508
218
4327
3484
6684
34
2533
1577
1208
3644
3424
504
3399
6015
11556
4758
1635
9234
18573
7040
3654
1374
1451
1816
1088
15226
17053
6211
2097
2826
6065
4421
6307
1764
245
773
518
2812
2781
264
5625
819
4111
1741
2773
926
5203
4875
1236
870
3046
6585
19931
2716
6978
2879
55
2154
2511
4559
2684
1006
2614
2008
1361
13616
2404
5059
246
404
1516
59
370
3076
8378
22819
6285
1556
1884
6943
1839
677
1589
25
694
817
2235
1506
8736
5901
772
180
1282
872
9369
2543
1776
4420
2522
18926
8103
1486
529
10279
745
8501
3576
17268
9716
10688
10911
7421
9086
2189
1022
588
7997
209
9426
172
1581
225
1201
2947
949
11088
251
916
2885
585
8598
1021
20316
2886
344
3753
1156
5161
781
1533
10679
3235
2457
0
1392
3505
1463
1937
396
468
2062
0
1837
464
8135
1913
2860
1328
1205
3618
17702
4311
1946
971
4695
5687
6019
67
2123
573
1316
8127
1574
75
4689
907
986
1241
11531
1853
3823
3663
5889
18502
2636
4482
113
1317
6223
2558
12123
1109
3612
2892
7228
6
3293
2372
7152
3569
2935
111
7839
11029
4052
7586
1600
5270
1572
1088
323
2874
983
1335
2208
734
658
289
1698
3182
275
1536
268
17
774
2769
8
3911
1917
550
2009
873
74
6018
5674
231
1082
964
8010
186
2532
2106
7892
8956
7144
5
422
7648
6
665
1479
72
6854
55
70
530
1768
27
3210
557
3534
868
2386
2692
843
289
1923
4085
10
7530
453
795
24
7389
13838
13494
228
1068
5882
495
1745
1533
2313
1322
107
103
2471
13
1117
3708
18873
1591
3002
7950
147
3600
635
787
2
27375
3062
3062
2295
1682
765
2800
1290
623
907
4524
1676
2828
497
555
2415
20
1321
530
85
910
782
3288
1405
2145
1285
2940
712
405
1165
620
653
3017
240
694
10093
240
4162
12663
5871
1514
841
1143
66
5856
1154
5218
1347
170
448
285
3238
554
1209
595
59
19
1845
577
2521
419
2759
1519
549
1460
1951
2262
673
146
60
34
708
1041
60
628
3885
58
1724
1001
2345
634
69
6
5037
6379
4929
39
2340
5502
3883
2928
5967
3249
683
1544
701
1141
804
2393
493
357
595
1351
8573
510
386
307
248
1432
3965
135
363
78
200
895
2553
1037
305
1507
630
1493
494
2538
514
1529
6
1197
4151
571
6220
254
5182
220
471
12625
3699
7331
1327
601
363
2575
2631
2008
2684
1979
998
820
119
2172
422
3364
307
1217
8093
674
333
2117
6340
2625
7305
2
922
927
2086
15
1975
45219
153
3786
867
1287
949
764
292
12
2913
189
72
1859
272
3579
1773
746
3729
2354
2059
993
431
205
4550
1262
2190
723
682
12121
6443
28
1348
5225
18801
2686
665
532
1280
12559
120
2594
813
807
4078
966
1643
23
7940
3491
1321
300
1207
1334
6656
39
3211
92
1446
759
11597
6908
11048
1871
6
207
2929
2826
974
2976
949
21
789
51
3028
3557
1475
4383
1285
1965
283
7481
6621
407
2205
5562
31094
9523
8220
7614
5623
668
3317
2135
2943
484
17
9229
22984
8889
1413
2976
3765
2298
4213
9693
732
4763
5839
4292
7062
9975
1796
3735
8246
1232
12256
3651
2266
230
1936
1130
455
788
3230
781
1668
1073
2110
34
183
1791
2587
2381
988
840
6
2094
7
976
1331
1752
53
4590
790
661
1324
1986
10
1735
9512
22943
7841
545
2482
2772
9996
8486
1038
1188
2749
1572
222
1282
314
5659
607
4453
207
4992
5330
7592
1464
93
11418
3351
3871
2130
3033
647
3633
1101
3422
3013
2455
8727
1575
712
3421
3722
2442
487
7866
2086
3597
1371
8
10416
25852
3535
1643
6810
1177
2979
279
999
623
15781
2579
3114
7951
934
2678
2116
24
2941
1086
782
1198
264
4817
1695
14779
682
6346
3239
172
14144
557
4159
2394
5438
2761
2202
77
5583
3296
1362
775
1532
2591
325
3990
826
21367
7948
9155
3259
1101
4090
2289
1639
196
8
483
2905
2531
744
2460
1331
11568
207
9240
4455
20179
3193
658
3704
582
179
551
2939
1065
1937
625
2519
2892
4716
1315
2135
2633
1747
924
405
1337
3521
1055
8147
6910
26980
12075
184
2888
4067
548
2530
6501
403
3645
1185
2792
652
2905
430
3620
2070
3717
1351
2407
6611
10439
18923
3475
845
1916
6527
6398
59
3410
4650
1572
2216
629
3055
966
4882
778
1054
1652
708
926
843
402
1811
2842
10644
2309
13
56429
0
249
1
3558
1544
5945
1401
6825
2
2263
332
28342
4725
8753
3
3734
7371
1061
10470
278
6462
12511
18700
17
7974
883
3111
11322
12550
16934
3007
4636
7687
5852
3145
4250
4212
17846
4867
272
2940
488
9262
843
5630
941
2813
3990
4057
1247
3714
1812
1488
2245
1687
606
2607
21600
7005
3999
2270
5602
8438
529
8353
403
259
3597
4182
76
497
186
4786
1275
4273
294
13684
9222
5695
14969
5235
4215
1437
2912
3618
6103
1228
478
2922
2250
8108
938
11344
8099
23792253
19521
528
2211
5589
20510
8608
44499
15209
966
69
8811
2097
553
613
63
906
1029
736
47
1392
5459
1601
3127
737
1603
375
1524
1974
5271
5635
4744
5969
1613
56
545
9472
3845
1519
1358
538
3148
998
485
194
886
1812
1762
1125
1363
99
1428
350
137
437
1042
79
97
831
237
634
564
255
53
367
539
93
184
204
622
804
763
12
263
574
1655
1942
384
804
4355
45
113
654
16
149
436
17
355
2220
20800
5779
231
2175
1398
2040
776
621
682
8043
2153
1560
1038
969
3020
46
249
132
89
787
1266
486
183
912
3554
262
1839
467
131
336
751
120
978
106
565
251
131
51
834
280
1672
748
310
296
11
3071
504
36
536
2378
1901
1735
1119
1707
544
1597
20
10
3485
133
1051
1626
2324
1018
280
1588
2176
9230
6771
358
1982
419
1909
240
1534
294
3289
1710
3272
1186
1088
946
1918
355
329
2733
210
191
86
104
394
94
333
644
9
739
1030
52
479
1118
264
7
1299
2071
530
676
422
2341
12
256
549
172
879
24
555
1884
53
425
77
16
696
387
1285
63
2141
1190
1241
25
11
664
255
4712
177
1062
500
737
4971
2534
500
3132
1241
8287
2124
4241
1834
414
708
209
1064
3489
1019
1740
3881
1208
15
367
392
2156
443
1720
1300
848
133
1266
1434
1078
311
1658
60
69
615
959
2079
144
1757
1260
810
2248
974
2115
1247
172
260
217
104
50
1126
185
165
74
2090
487
512
642
201
1552
1663
1273
45
149
300
489
3057
972
624
2702
4465
2060
2876
35
5565
2264
10581
2056
1458
522
4059
1121
2677
966
1276
398
1643
55
1787
2114
4288
1234
581
2487
269
417
2517
2599
1182
183
158
382
1057
495
1853
1362
536
2085
939
195
6
2
145
128
1333
444
781
137
1010
706
938
556
1637
1310
1036
243
60
563
2257
175
1432
35
1474
227
5135
751
1595
509
16
391
1331
92
128
2017
226
1626
3079
620
1098
2286
1941
1269
2795
1529
11467
6691
422
45
2733
496
56
2665
2726
786
4265
640
616
4
2079
2043
1853
7
1014
258
621
490
1558
796
2429
753
39
2696
4540
57
6695
963
392
2442
11592
36
1173
16050
7295
579
2761
1149
91
2581
889
3613
2917
177
214
52
2748
408
1736
406
1006
6103
8072
3535
145
4696
2823
2581
10547
5560
2234
384
2886
581
4892
1080
4209
922
539
137
811
47
1832
296
976
2239
1210
8
169
404
814
278
874
126
534
2678
416
995
532
915
1356
3588
828
2585
140
54
69
489
2229
1294
685
369
17
7
1300
902
1234
945
280
401
6
316
185
2227
491
1038
179
2782
2173
887
34
2121
4595
11206
26901
22
3084
905
424
2180
2732
820
523
3226
932
270
102
3057
2387
41
216
150
192
232
399
111
821
1391
21
1180
221
444
992
182
3737
3114
247
1709
88
1773
2682
1287
1299
60
1559
3375
137
4607
7295
4724
2573
175
165
1131
1539
2600
521
167
451
2950
2266
1742
1093
619
2
2211
270
121
89
705
96
14
1754
1213
929
2040
580
716
325
2394
376
129
312
1680
164
2578
1520
654
939
110
486
1085
145
307
100
2
441
678
819
343
1271
844
1086
1980
276
1335
935
535
130
1569
2
2160
1044
543
2076
1658
110
41
899
4257
253
91
2419
10962
7984
15419
3127
6292
3458
2950
910
12795
2788
391
190
10608
5498
5805
17650
1974
1523
628
96
1262
1574
88
110
54
3399
391
6280
1016
2163
558
82
42
36
473
1907
1397
159
1263
33
2
257
2410
1054
372
344
194
358
671
43
621
539
615
1410
814
1009
1167
140
144
242
1801
281
3541
213
986
1152
689
728
1878
393
212
419
423
846
438
3099
221
1915
1309
473
9
878
394
916
18
2265
4240
159
71
6333
3706
282
227
1609
1298
501
3727
286
3087
118
143
225
847
4076
2342
1550
4565
168
9
602
1187
643
890
144
2772
1095
3752
2342
1710
2455
417
865
4650
2687
551
1791
677
1523
1536
524
2
1425
3929
2642
1624
1165
3297
667
2108
2908
883
200
8084
2014
972
1583
21533
2104
62
6417
928
2329
1004
780
1565
974
984
1120
1610
100
5
156
104
3109
42
120
706
3139
782
1146
3675
185
464
1121
5
565
161
1051
1222
1193
3326
1246
1933
16
130
2990
1133
20943
1239
1588
517
6666
1242
1982
220
1028
2189
511
534
1006
367
878
645
4014
234
530
1056
1044
110
121
3143
268
3874
11
658
7
337
1662
618
2015
2162
477
1209
437
2518
1374
1020
756
453
61
312
1363
89
1604
1268
5413
449
6
7228
5437
2932
1262
3543
1013
2102
1829
3441
3454
494
383
527
1129
1436
638
1623
848
457
315
1019
118
1833
594
429
1563
114
88
529
674
195
1055
469
300
245
368
141
367
525
403
1541
2048
1141
636
135
195
247
528
2107
2
410
10
43
136
24
114
120
909
28
1904
1797
214
753
4384
231
250
37
1080
386
1180
1530
3723
6
2448
194
795
2873
1655
2732
10131
7419
2308
902
793
803
1076
458
2097
5020
1132
6005
856
393
59
40
306
1640
338
126
3201
897
1537
1845
34
601
4061
713
864
120
910
155
163
441
2812
363
102
851
454
2247
218
376
2500
373
659
126
484
35
5098
895
13
3393
2036
5976
10072
4943
1770
607
4021
5788
917
8090
1787
4158
3528
4758
2077
369
779
113
2282
983
101
1130
759
1697
135
828
2917
900
754
190
5462
498
1734
1599
2738
1310
867
302
1007
1630
3072
254
8680
6164
5263
1645
1494
2087
1085
613
7086
280
1317
2142
3979
13
598
78
2960
246
15
2163
506
7
1644
743
1300
435
520
595
664
3033
1147
1658
805
3430
1005
2278
1057
1620
4338
917
1869
3581
231
1304
796
671
805
867
4764
5004
5816
4130
1651
2676
3796
1602
486
845
1796
266
611
1532
204
3498
2007
990
104
1860
2778
531
105
814
1781
127
128
960
1694
1881
571
2625
2983
247
2
648
2867
1436
158
5825
424
2299
1
2167
772
87
680
531
1923
1579
116
3625
171
6578
7022
9091
9514
8438
4790
5242
2079
2084
2010
1064
555
5881
2518
753
967
2142
2317
2435
1319
1106
2186
269
2364
3061
5066
2352
1605
3895
3382
1762
3197
210
1243
6109
1424
203
1793
4876
310
299
81
2675
72
2922
707
562
4956
1371
19
1200
2491
280
64
2409
16251
15585
1942
20407
5944
10012
5276
9248
7387
4106
1033
1222
206
5576
1904
1
2393
832
400
967
1906
3296
10011
5194
52
6804
688
10568
1496
6293
4585
445
414
660
256
1100
1781
3062
468
2311
153
273
374
722
525
247
1990
5010
23
2270
1077
1651
2083
1265
2362
6
1208
2947
979
1890
1468
1462
7138
8729
5757
4407
6758
6496
836
319
5353
630
2931
644
4848
1901
1135
520
316
216
1423
1172
466
2072
12107
889
4805
657
284
3301
483
2668
28
1339
24
6311
5267
1974
1616
886
1326
1263
254
5587
6973
335
197
1889
1809
550
71
1518
1333
709
267
1285
964
1680
1364
2
100
2119
104
1001
250
1359
164
4265
789
2
1645
1414
984
397
9
1448
5870
290
12323
5981
1525
4401
1154
349
3798
564
1583
2872
8720
2827
340
7739
1196
1563
7037
4504
3534
884
1957
6046
229
617
1247
861
1330
15374
15088
215
487
2865
2049
2107
2446
11453
914
5580
1793
779
3913
1042
4367
5926
106
1762
