2207
2124
56
452
3332
1279
4005
4462
1179
3069
5109
1779
1482
1128
542
41
808
843
528
1323
563
1640
1020
4664
3548
1149
1042
685
1217
152
616
1508
1318
208
498
1152
653
1080
1103
731
510
2179
127
590
175
2637
6
1109
8
16
2442
365
89
812
1190
384
4622
318
204
596
1099
688
393
432
299
2554
1281
3360
41
4839
192
1817
10115
9325
2132
5089
1778
3921
2775
3900
1489
1260
601
2
402
465
1530
163
812
3141
1179
73
186
170
3078
3122
126
106
353
193
41
1061
798
308
849
1628
1094
345
287
48
675
92
2
725
690
798
262
2178
1618
47
825
2049
487
1384
1079
1751
5722
12560
4957
3602
330
1206
102
1028
834
540
481
1126
5271
359
987
113
495
3587
508
245
68
42
265
14
1042
16
1552
155
207
90
1069
438
410
504
1344
53
1369
728
182
907
386
299
163
262
112
1485
62
267
540
176
190
13
546
1595
429
601
28
503
273
101
55
1367
474
51
261
107
867
840
249
109
1113
47
102
115
184
2638
9
10
80
386
88
5
265
36
229
276
295
117
144
565
795
216
38
292
199
2020
117
1143
333
1192
43
1077
9570
1478
2107
19457
470
1085
46
872
144
350
364
2016
108
1062
263
477
557
145
32
1019
564
3729
390
1141
528
11
1411
1115
423
1283
231
286
694
136
377
97
44
2449
674
271
760
1483
2912
316
695
521
97
61
624
319
7
350
1838
187
785
23
35
149
391
305
172
329
233
114
263
494
3
49
31
70
289
334
221
1106
526
98
634
284
127
932
51
133
764
463
359
1130
215
1034
405
2413
957
2
931
20
189
59
52
634
214
2345
362
17
1676
340
2385
4203
22
12381
9663
390
624
378
28
59
401
59
928
563
1580
2619
674
8
654
4115
6
1121
20
96
340
1736
143
247
255
172
863
268
41
99
83
191
742
262
163
351
655
215
2
84
82
43
1291
472
354
426
682
1023
201
857
705
140
237
2
454
10
300
416
313
1060
7
1508
164
909
989
257
88
182
81
512
2
634
36
217
1532
244
479
237
386
644
108
685
415
106
405
2085
43
193
166
774
680
1155
263
484
1121
258
448
244
212
12
78
1018
472
358
1179
836
252
102
572
115
133
8
1231
529
5868
2082
16
412
199
10165
2154
8121
241
773
388
456
238
306
516
387
1115
699
602
439
1620
522
1566
677
596
445
2386
1492
225
420
250
1360
1399
80
1413
263
189
2088
33
1399
230
612
111
393
196
159
2520
824
123
212
614
173
128
4
431
87
351
1442
1946
41
424
870
391
587
230
1097
7
168
31
23
119
16
573
680
4
571
1598
1171
210
449
222
429
2
255
1417
214
413
348
331
100
412
377
214
461
575
1695
42
820
618
457
324
504
516
733
1256
374
1072
1794
3216
98
3272
11448
9449
362
667
455
498
858
1789
11
298
19
878
521
158
1035
578
272
1011
1639
582
1573
3504
120
163
101
497
180
391
2566
13
573
47
581
380
704
494
209
4
93
220
148
376
6
154
88
43
135
31
240
539
55
1033
5
28
189
91
738
23
245
673
53
126
1988
632
2075
968
1157
211
112
412
739
9
371
1379
689
51
88
3700
110
186
535
409
1567
351
641
921
2420
482
6520
64
1517
5809
1120
5712
3092
806
397
35
4268
2886
1512
3115
677
218
449
9
627
514
521
2319
485
1216
1048
1817
25
786
4
241
844
1082
94
387
3498
1057
2324
3220
540
1498
29
121
42
869
27
1776
1018
230
2557
391
748
872
1762
144
427
315
2910
468
23
132
46
705
372
1558
771
1356
219
344
2808
6
447
224
251
8
4500
1031
1076
22
4777
85
2219
2749
3936
4237
2722
2312
6258
364
1290
1907
1164
1021
752
597
6973
1397
42
783
1393
2237
1780
1183
1637
31
208
27
1202
957
759
4321
2046
634
323
2116
24
185
816
126
737
1069
3160
333
2247
190
681
349
442
1133
1652
6369
52
41
65
2306
881
103
4478
26412
1091
6008
1060
650
2109
174
3638
108
157
481
1362
2131
686
123
260
1386
1083
987
1132
436
1004
584
433
963
151
1362
151
83
196
149
107
428
27
2585
2
5
2059
218
204
419
2176
129
343
447
892
256
64
1588
585
2800
533
11
5533
1632
520
446
25
6033
21379
391
412
3493
449
11
1106
297
3690
1030
43
92
404
414
116
975
6
3916
968
185
394
267
121
506
1456
367
446
270
456
63
627
652
563
26
1875
584
1370
1594
236
319
718
1494
2230
120
26
284
1115
45
420
211
1520
657
46
1050
536
57
431
330
1062
404
278
741
116
431
69
5133
41
2
171
16
279
1434
861
4549
2378
285
1217
433
1996
12797
7592
2046
556
916
1273
526
365
377
1475
1957
1122
1419
166
300
387
1456
1810
578
591
681
4
1346
688
256
1124
6
658
496
280
49
2779
99
870
278
1159
665
199
543
432
522
262
151
710
642
450
1007
887
11
54
1098
542
139
69
640
240
1720
136
331
360
76
961
289
567
154
440
594
1328
116
1071
1045
68
760
184
62
329
1021
184
718
80
239
1336
227
1914
941
84
1679
780
1695
476
478
33
1631
2250
86
3414
20995
1257
399
1127
903
3280
1045
1105
162
1299
1071
333
272
139
414
431
1861
125
95
95
2418
115
2
219
133
472
203
128
428
63
119
1456
91
677
27
41
364
212
1033
59
124
284
32
191
114
308
37
620
324
1340
1937
439
7
323
240
283
107
1809
418
343
130
973
543
293
354
285
822
693
300
50
366
72
161
407
203
635
702
229
14
1251
579
197
1161
883
653
324
977
797
60
317
122
1453
874
467
119
286
920
269
739
4640
649
6142
1144
20574
1056
819
110
715
1145
54
807
532
1431
3856
700
1566
373
2668
863
1439
1664
1017
409
1300
77
335
326
1054
67
2092
460
1185
108
104
155
250
100
1622
1382
3102
38
117
38
1014
343
210
441
2
10
1768
1
1
311
573
111
323
182
187
1022
1806
304
1779
292
120
15
2542
133
387
65
1402
1360
6
193
665
2069
4262
829
3053
1658
1053
1354
1972
1195
8063
9387
1678
309
3907
2252
2592
3
2127
1221
624
818
1043
1276
1444
1853
319
817
3453
3115
974
2133
258
636
328
169
96
102
342
1576
459
100
759
421
3573
1370
275
273
14
6
2148
2170
12585
1636
660
1365
1010
258
1217
2
14236
11250
8685
1208
18
3383
321
494
407
1315
1275
622
520
2
249
614
1082
1891
612
1265
906
1085
534
37
2202
152
521
35
448
800
34
366
2
930
591
2
333
120
107
1132
258
2902
32
2
16
1117
508
1351
6
4
62
690
771
567
92
5256
115
744
233
1276
1398
2121
2195
1049
4658
10126
7288
1720
55
183
843
40
60
761
826
10
1707
598
1602
433
1277
311
1536
132
9
105
209
743
1429
1034
380
1560
14329
240
438
1351
442
1050
860
5
347
626
100
231
151
50
384
212
1946
41
184
424
735
42
578
365
152
507
687
177
1064
228
445
82
25
877
183
1267
248
21
297
629
698
792
52
449
95
433
368
7
43
39
158
15
345
496
620
244
647
187
746
218
822
2309
193
2128
87
5564
20781
151
235
40
41
626
504
506
83
2836
412
2285
430
368
684
1943
751
1745
1712
539
1725
170
271
15
54
492
913
423
1816
19
2281
3
192
588
350
857
2
194
733
543
194
17
241
866
856
14
443
1301
499
1485
569
148
305
472
530
78
738
8
289
662
594
111
142
298
915
344
10
958
175
624
742
704
538
220
14
121
48
215
22
7
626
242
307
38
185
900
80
217
2264
43
159
704
43
1318
220
15
281
25272
5766
1870
2626
1667
1563
556
2031
1190
717
1234
422
804
118
2382
374
1027
603
930
374
48
11
705
1041
1290
1114
1506
966
8
542
175
681
702
1274
2867
265
1069
288
706
668
394
688
171
1313
276
15
987
107
384
381
378
302
423
684
237
926
325
456
294
611
345
4
228
117
1120
3259
667
178
397
499
96
91
937
674
6
2601
530
588
403
174
3607
114
1004
1578
159
4870
3166
243
12802
1171
3856
238
6
99
203
218
203
163
237
294
4
669
872
627
490
121
36
27
452
33
562
388
1921
911
151
416
630
8
1758
308
441
1255
187
133
876
1197
512
485
6
35
317
1158
721
9
281
40
10
217
96
114
16
143
272
158
35
203
21
1065
232
407
531
528
339
1076
156
20
85
1421
35
45
234
514
187
152
285
442
261
565
264
136
398
293
0
0
0
14
147
559
565
567
548
447
145
938
82
286
60
149
313
36
534
396
482
261
6
261
256
92
462
611
56
161
198
66
371
6
208
3
2
6
8
552
65
557
81
357
1144
861
62
314
269
266
53
342
211
194
404
873
7
306
1381
76
475
1044
10
310
661
3253
994
654
513
1477
1158
221
976
684
967
65
426
2005
14
236
593
8872
1545
5748
4519
2
607
381
80
59
142
903
634
104
95
576
727
5034
327
1445
19
687
6
3
5
670
151
335
868
422
1572
92
1486
644
43
45
108
1351
1055
1131
40
745
1263
165
316
554
80
56
132
170
1473
71
189
1142
676
70
1798
550
1121
1614
169
71
1505
47
615
272
127
1437
33
87
573
14
758
316
236
18
113
101
785
2
296
451
1948
364
336
1711
612
466
411
737
934
1361
184
78
130
35
754
102
1585
4345
772
5209
524
275
1538
1643
1227
6301
508
2528
37
2397
790
4400
907
1008
548
460
1396
2094
274
1620
1096
6
2540
44
6240
600
655
2310
1936
1767
681
8
300
7
33
640
2024
4510
44
549
1182
755
175
295
128
329
122
17
876
2
2358
265
21
1004
1071
2
3720
86
460
1109
1424
6
27
506
6852
178
19
10
944
2102
2125
375
2062
3913
4262
2692
590
4773
1355
412
4995
948
747
1279
3509
911
9
537
2472
297
47
171
435
258
387
3407
1177
1063
172
783
591
1562
1491
371
423
294
4
35
393
158
570
761
782
173
912
413
583
521
944
980
45
761
434
168
844
117
2107
6
14
873
1446
140
3806
70
39
774
136
84
1606
700
1389
1058
1538
2
437
2548
416
1009
898
1281
831
22
891
11
3503
906
2291
1767
8441
9794
1167
552
433
2005
232
205
1379
264
2747
877
7
928
1926
465
660
149
1221
140
1992
222
1044
398
1308
804
328
456
1374
536
97
1589
535
90
555
829
689
1794
174
452
367
344
254
595
97
271
853
315
212
154
170
849
296
173
131
203
670
89
1698
27
20
18
236
13
152
170
353
793
746
302
1245
1192
3853
161
837
2
2
284
355
15
451
3147
238
33
562
1392
532
1573
1378
22
2902
28
246
11
660
1182
2325
3467
11277
2332
885
3557
1260
1654
294
5783
195
1701
661
1590
528
118
74
1169
2845
881
62
6
2494
350
181
1528
394
197
564
751
357
543
316
137
247
158
2008
240
570
66
120
1424
2692
260
2415
428
37
903
764
233
47
271
415
619
405
24
518
292
300
223
24
161
475
37
101
39
217
278
656
370
79
560
102
233
608
2577
426
556
41
91
295
506
2
17
47
599
333
960
158
403
231
1050
547
2852
548
551
4130
982
1599
3547
7146
4093
1701
107
3954
874
491
133
490
675
82
529
631
193
7
526
74
249
936
1870
1356
1036
1050
1173
983
2216
7
107
246
308
620
36
10
830
503
725
1022
872
37
152
40
44
749
127
9
208
87
1214
262
46
288
256
437
1391
707
408
353
833
20
478
249
108
892
24
482
1775
2
21
1675
162
1227
108
675
82
1239
186
52
100
822
871
255
878
1298
137
43
543
7
622
702
96
1280
426
304
56
965
148
386
178
164
62
2
331
240
20
70
1653
572
155
568
712
116
2349
318
457
174
22
1002
316
3247
8
584
960
2210
9355
8668
2803
1137
773
366
8
78
338
245
997
844
110
1691
120
217
762
331
42
525
635
1944
195
1428
1247
3275
24
1282
135
93
122
447
251
1105
1616
91
1093
2
1639
1097
200
222
445
353
252
266
173
366
520
428
47
1213
1649
1140
376
420
227
92
608
184
364
606
336
87
347
98
835
280
468
1485
268
424
1094
459
317
1913
430
455
4985
652
1232
88
289
3986
9115
11687
6943
3913
55
495
2231
222
386
2060
1770
176
406
47
186
1553
242
2591
783
51
39
77
52
741
1285
582
324
1327
597
120
386
1139
632
539
88
1498
397
147
307
566
341
407
183
271
73
640
278
801
33
2
110
46
159
937
370
1390
2
148
788
64
1384
740
494
425
487
116
416
83
629
190
57
2
458
86
377
1213
643
211
401
1283
119
690
274
541
375
2
650
695
2009
334
1177
1149
640
1772
79
156
448
33
480
846
318
524
6
2364
1944
759
12
1440
6
119
54
228
1866
1585
122
1468
7150
1958
349
277
30319
3370
2077
1541
2460
19
365
1650
1493
15
1501
474
1628
560
342
47
662
169
20
1311
289
177
1013
1947
31
21
1310
292
504
267
679
2941
1097
268
822
415
88
1060
349
61
2265
2086
2629
959
2079
2637
35
1877
3
2558
390
4501
10159
131
205
1705
1118
671
803
933
1203
246
773
5118
2232
1622
703
1615
4
860
3405
2
14
2775
156
3
2956
599
126
1010
317
374
1140
450
327
139
808
2745
222
101
857
226
576
5418
2839
245
1194
2958
1191
136
1440
2631
4129
3469
11396
619
5619
1789
1429
982
1033
834
3853
8670
149
132
1156
2273
53
1465
1516
404
1272
43
148
111
998
260
428
192
1276
1251
135
301
373
958
475
211
2355
571
2546
530
225
11
858
121
64
324
46
737
447
622
21
379
648
143
523
48
91
851
26
201
1540
260
1240
197
252
1228
905
27
674
1001
1045
206
173
450
535
3668
1291
303
667
734
1749
91
12215
3017
1565
4537
3452
110
1886
78
1806
1729
2162
484
1719
363
1687
1433
288
50
181
893
153
619
520
433
1037
180
665
50
986
745
1550
35
1746
105
2013
43
519
3390
2310
139
420
520
824
407
325
63
67
35
88
1406
113
2151
395
697
33
1753
113
299
433
168
179
260
8
413
467
864
509
67
131
627
16
265
117
1208
494
10
111
71
661
678
72
145
692
1257
58
814
987
2352
370
3617
4
185
12
2
25
28
248
539
22063
149
2260
425
438
179
2348
682
1093
20
296
307
2438
6337
2080
565
4202
911
251
171
1709
212
356
70
805
1292
554
888
295
778
128
66
949
432
164
53
528
102
33
69
600
1180
414
126
996
80
117
1756
798
442
802
269
15
147
73
6
107
114
50
635
8
139
293
223
27
117
11
1586
78
33
18
94
110
1104
322
93
137
1433
13
128
827
33
84
2296
13
364
581
1360
320
478
451
2178
718
4691
31
629
6
50
53
592
518
107
462
2658
2486
4458
6
15
6
18
105
10593
2527
1035
1551
1473
191
50
321
1853
1066
176
61
432
1185
1203
213
1089
3664
652
497
470
6
660
901
224
62
1032
1739
319
586
1704
96
2429
473
139
2072
772
283
93
135
617
6
252
1068
498
475
1635
35
389
372
93
654
719
129
96
553
442
186
51
1598
552
517
269
66
192
293
92
1324
240
652
1022
361
109
367
204
139
1324
110
616
60
731
361
313
480
120
1600
5573
28
341
314
2995
339
566
4641
2520
6292
1833
4784
706
2792
1839
656
194
578
423
33406
364
317
453
308
46
171
474
56
185
328
108
943
1477
71
95
2053
1489
71
595
824
15
540
454
538
3410
2404
3234
548
1066
1428
323
88
1183
75
711
5911
1522
6824
667
3786
7496
255
62
458
235
106
844
515
3327
5256
650
245
1238
4367
343
1489
3243
976
273
501
4799
15
193
1607
81
3696
690
250
1525
1155
364
812
363
2491
32
3447
379
609
9
113
73
6
1877
455
764
585
167
2518
1256
850
82
1172
13844
4327
900
1795
2467
3972
171
1674
3512
3594
81
4
102
2050
1579
1913
6397
149
105
4
815
2421
328
7270
5838
1960
267
210
319
175
8
506
946
1911
1621
101
53
1754
632
779
1089
581
100
3332
2661
197
1719
402
3849
3267
11912
583
3331
5
4980
514
210
2484
1637
525
408
5265
313
938
1444
498
129
608
6524
2341
298
877
2379
31
858
1639
9
2298
140
222
185
1370
30
632
4
26
147
191
1403
701
285
679
399
82
403
185
70
691
147
741
1826
210
1838
81
257
1343
600
153
221
1135
1676
436
3075
304
3149
27332
288
1349
1806
918
6
2236
1001
3093
1362
495
133
69
533
141
1062
2
116
1811
824
1300
363
221
1454
198
457
40
185
169
11
106
477
365
1065
106
92
656
163
455
218
35
1042
1372
91
62
2533
1763
1306
172
197
2
701
1611
33
4505
1794
18
420
729
1770
466
975
335
810
199
2
1533
512
254
1007
1323
516
1811
764
1199
2423
1176
168
807
4771
1057
10017
5778
2819
139
1249
169
869
2658
99
113
7669
364
732
1371
3378
545
564
108
690
834
2718
55
117
1111
252
116
87
1738
165
547
866
211
55
116
1332
171
60
2133
69
6
41
1013
299
147
2
292
588
20
1109
1125
1089
98
242
406
1257
545
13
698
120
5
192
1806
2009
202
327
1391
1747
2317
914
50
30
162
16
1604
205
112
631
496
6
470
496
312
765
651
397
1073
510
2986
1499
2113
1454
12552
1688
122
2749
1146
767
307
2442
310
124
1316
862
188
3191
346
1319
2867
1721
720
1437
118
1469
330
197
397
811
1861
679
182
27
161
379
284
696
993
45
1399
69
456
1011
891
174
27
363
837
2296
1066
742
11
737
1955
530
219
858
1483
240
324
4067
1011
113
1412
310
1288
4387
2771
1055
431
252
276
1593
965
3574
1781
892
8108
5983
4352
862
368
1514
2042
237
286
2763
259
626
813
98
1000
3482
2250
410
241
48
2
54
10
770
1076
471
1324
364
178
34
1035
27
687
113
1356
47
2
322
702
641
1790
996
60
82
1043
1073
784
753
206
251
36
678
663
395
388
921
1100
1817
483
21
1069
942
1162
296
709
1441
1677
96
30
646
134
81
508
851
1688
1898
27
1835
1687
1168
1511
1032
159
3798
464
736
807
674
4800
3997
198
2299
3106
4644
2327
13
209
630
1347
372
1328
230
13
637
2928
2613
205
3697
2
154
649
564
464
1369
774
312
308
34
317
1709
1031
232
356
62
262
212
508
51
925
174
1275
1456
12
984
835
1563
74
75
303
594
1108
550
2991
491
1786
1877
303
1786
1296
285
1121
278
269
1217
2017
1434
440
580
722
669
101
15
499
3199
20
1207
809
1052
3510
1574
1168
4796
1654
1087
1498
4056
2847
1068
84
4433
7471
342
3
1295
3525
349
1798
665
3002
1461
622
283
698
36
2340
4568
146
3157
58
2761
1924
677
1380
894
3938
1574
169
288
33
1836
800
26
989
6848
232
6689
211
7
236
9745
4330
1082
50
1855
2221
1044
733
3081
11040
10
717
1842
8
146
1185
2599
177
1683
1281
4378
282
864
3198
2910
983
2130
398
3
465
904
560
2429
1776
314
217
194
2014
1507
645
766
2609
3007
6712
11444
9875
310
364
327
922
555
574
997
565
981
2939
1621
919
92
394
2000
449
371
1231
246
2019
368
129
506
966
176
2017
1033
1632
11
245
1719
639
255
20
764
177
33
1274
178
211
440
654
1625
466
158
1490
277
5
278
399
359
1020
1781
90
497
9
291
37
1408
9
64
719
219
1225
131
740
435
59
1482
130
353
727
3392
151
401
10
20
2
183
2432
612
3058
830
17
572
1229
2964
656
204
2432
9759
5402
3134
323
505
1565
187
151
2743
11
808
2196
10059
1300
952
53
1961
321
41
491
362
1562
476
168
131
876
309
153
124
596
1056
323
1126
35
21
620
717
188
24
4743
359
553
6
447
158
66
71
140
832
31
2546
548
324
503
725
433
1194
104
928
90
1815
282
785
2155
459
2172
1231
478
224
1617
2215
1827
788
915
602
428
12697
269
4016
708
3224
2420
113
169
61
1290
1050
5
291
204
317
1360
963
1157
1983
1021
3329
2325
504
176
191
461
860
785
27
275
988
335
814
786
1
1030
481
144
321
84
154
156
70
451
362
33
42
1416
313
179
376
21
339
716
222
798
339
913
162
1019
1089
478
690
542
44
684
354
185
200
90
10
406
184
1674
271
59
832
587
14
155
1320
309
222
698
301
13
1150
658
642
202
1221
519
852
2611
180
3154
254
1661
1217
49
1227
1163
15
3778
2177
74
14932
233
3313
531
4389
127
1779
404
302
515
22
835
104
1624
1255
897
1986
1007
593
873
761
304
1524
15
264
33
185
23
9
540
455
354
591
494
109
998
41
434
2
26
317
88
1268
670
98
591
21
733
528
534
404
574
20
5
50
1353
594
979
341
762
267
1538
1143
2
230
357
154
160
113
96
2417
332
443
7
1868
386
720
901
165
462
52
2106
480
499
2783
4788
621
462
150
3
64
631
2454
350
1073
1
6
1
154
52
651
522
374
2569
2383
8578
1520
23053
1054
1566
1844
144
177
1570
85
2432
884
33
396
630
1752
1028
482
300
2049
132
28
379
1190
167
399
1363
353
8776
1422
3161
1775
1105
566
4055
103
3679
1199
1374
1742
1551
2603
9
1110
940
6567
4698
4746
1363
192
6314
524
71
335
3138
339
325
1464
6508
1285
3468
2802
368
1709
371
6414
2552
533
606
1924
318
487
2598
3274
3889
15
887
243
607
82
23
121
1014
182
337
452
360
4021
3228
11961
1678
2818
4421
485
440
1242
9061
1
123
0
0
1
1
2125
1086
1988
1013
1075
44
38
342
121
318
239
240
540
517
115
1637
1013
1
10
885
877
155
1287
48
111
675
211
667
699
189
67
485
746
7
6
947
1330
806
321
57
1392
103
174
230
472
201
900
21
106
11
869
23
6
312
108
501
114
7
1524
575
102
1705
743
27
136
1130
4
345
482
137
632
387
614
104
387
605
1376
1871
683
60
366
1052
210
423
280
616
152
4335
1282
994
14093
4917
3370
1836
752
709
677
296
1147
2858
3837
528
2
252
2849
560
141
1715
72
115
988
461
1012
104
11
96
643
216
111
199
2267
82
952
1547
420
940
2192
88
65
404
1002
600
234
259
538
704
104
575
219
1164
620
244
609
195
166
374
192
983
639
494
380
223
1771
2334
293
905
424
266
1774
53
369
93
232
1622
836
1422
139
42
97
440
2265
700
1919
764
74
663
718
2340
1673
1399
7583
2493
1833
1318
2552
6106
2240
103
6340
3796
4233
501
57
1087
503
599
582
215
850
48
487
1258
218
375
1869
69
107
1281
199
241
350
796
1154
3296
635
63
1005
98
282
29
705
418
23
528
78
1088
55
71
306
549
1022
2352
844
728
2336
524
444
429
529
440
659
1634
1485
4871
1218
1223
1492
6
3817
9679
5861
1955
303
2790
201
94
2084
34
537
946
1245
1221
446
1072
1371
121
1078
1000
1620
91
786
2298
208
1524
1477
243
9
236
1027
1572
1100
54
413
351
926
903
4
303
237
948
535
310
231
245
1790
792
440
1166
193
147
102
9
729
1434
1109
13
1178
206
2278
134
270
823
113
1186
345
279
22
578
483
540
7
89
16
57
682
756
327
2101
359
113
677
3
44
7017
958
1670
7642
2
5
16281
2035
378
749
226
2043
857
3499
1326
342
4933
362
615
415
171
326
40
533
590
1565
96
19
149
89
336
496
0
108
1654
520
18
734
241
287
1149
1004
809
778
1580
789
793
4
202
1020
1577
522
257
101
24
85
684
1382
358
25
1181
64
194
1313
1222
917
1311
173
192
757
1318
410
2070
2697
1878
358
3175
60
25
23
2
1500
56
288
1662
984
1092
673
776
979
1773
1713
2049
522
331
411
3617
2032
4833
3538
425
1586
555
165
1035
6452
2489
151
1529
1632
2881
2185
3965
10634
3129
352
2525
983
105
30
3777
1150
476
1117
964
176
1376
1834
11209
1123
29
393
46806
31
0
1
1314
2486
2698
15
4714
2637
61
462
1821
833
1255
1059
1847
14
15
1801
126
2
181
1539
13
259
698
36
992
1345
377
1589
1765
3684
8
2308
642
8981
2604
369
2172
4942
2057
35
1120
305
757
4292
48
2984
633
3784
503
1944
1544
247
222
1784
504
450
1619
289
14
3576
2200
222
782
544
745
359
88
1293
2197
61
152
216
176
1421
9
191
161
554
69
455
1053
802
502
219
379
559
817
2573
331
836
405
71
259
373
147
2694
701
323
522
1628
457
299
358
3099
2330
1940
2070
3135
5200
28
7729
1071
3108
964
874
222
1332
1311
1868
4329
2614
2013
407
2429
4
2877
433
160
2548
468
44
98
460
296
1390
2099
767
505
1038
706
555
687
486
579
24
326
22
403
454
30
593
1707
35
28
174
705
112
40
165
59
398
62
292
86
666
348
309
187
9
1493
960
1011
477
58
112
822
60
425
424
60
286
938
390
130
226
2987
1809
923
133
189
821
249
514
532
100
248
1837
346
2067
3829
194
1603
10813
4062
1299
794
1843
2
1171
370
2143
1416
2833
1115
1322
1650
1679
11
912
670
45
285
489
669
844
186
163
2253
784
1743
39
239
298
41
1154
239
671
390
404
1159
1932
65
2552
509
881
665
2087
410
1666
1042
417
103
39
1786
293
176
857
979
978
2122
749
1141
2038
1869
1315
6
4559
662
2332
998
136
933
467
98
533
681
2445
10657
5218
6317
1353
980
3453
402
2653
1312
285
3348
346
1702
795
412
1733
557
2807
754
1343
23
1494
77
644
661
1207
3016
321
2098
422
167
227
304
146
524
538
969
260
407
7
240
424
223
342
160
14
77
1485
1541
1372
29
2587
1404
709
90
2918
1185
1531
908
86
2659
1534
1995
2406
11325
785
3569
1402
3485
1191
14
775
900
62
15
640
560
94
2742
2597
1809
366
1441
192
768
775
138
371
869
179
14
85
254
2014
69
84
1258
488
56
207
510
97
1468
328
1857
454
430
78
222
480
588
321
112
128
247
502
1191
1179
761
1043
383
1685
321
725
231
82
710
198
979
74
6
1300
490
1580
206
1018
868
121
449
682
62
8
232
591
1758
5233
64
3764
4650
597
242
4
1875
612
1030
6275
1184
2396
764
568
9391
763
635
23
1366
31
631
4404
941
809
5496
906
810
766
334
307
286
711
125
3268
87
1195
1089
582
112
1563
627
467
352
1600
667
3283
878
77
433
1663
506
1038
76
124
589
1774
976
1708
11
1001
116
1427
960
3
1378
314
54
547
1995
168
950
17
22
776
498
5
304
591
1158
1323
156
1829
4718
481
226
3740
7
5707
2773
1186
941
2542
4496
4993
1827
6877
6
2253
6
144
1281
343
229
1829
980
1440
3256
486
1
3278
7
563
994
318
154
1148
2499
1485
112
59
1493
1003
1014
376
1190
715
766
1196
2286
777
2
2558
171
3884
2807
928
44
3106
380
230
1216
316
2507
11291
5515
3018
879
1236
126
81
87
685
153
26
4236
8302
288
109
423
346
49
2374
302
331
259
834
307
52
611
1573
150
668
119
300
270
2899
201
126
2177
90
504
812
190
546
521
289
1160
326
1980
406
91
337
439
343
360
298
1228
284
257
1988
606
152
32
1187
376
70
2489
1422
209
3479
91
2856
2356
169
1615
1843
1041
15389
974
1756
2297
2416
2147
60
1305
219
210
896
890
4580
370
147
1314
1321
207
4980
32
3203
484
438
999
1078
1545
39
1444
1405
1131
171
57
1150
445
1049
10
567
1287
1387
177
671
829
828
229
689
109
164
2325
263
1111
763
704
698
145
191
882
294
118
50
1972
388
306
4
1605
1321
682
184
1299
201
3309
964
114
63
5895
12283
3112
2082
1524
2865
544
441
351
550
85
206
1475
520
8824
1058
551
1571
368
1607
2214
16
361
180
260
1166
720
388
155
1105
1278
1385
277
258
774
28
231
534
115
273
279
620
1798
251
72
138
1874
1574
35
211
9
194
251
193
286
74
83
108
597
529
734
872
5
720
247
25
125
1863
2349
1966
874
407
42
1826
124
1287
601
883
1882
261
930
3528
1706
2952
10959
1424
4404
4249
661
111
61
782
686
40
297
342
1363
223
2460
220
2830
2847
829
937
1366
86
465
13
488
762
1934
41
65
375
71
417
65
201
732
1119
177
565
159
1051
637
160
615
29
94
1494
245
134
1429
917
1518
238
1162
398
267
51
649
753
1122
567
735
202
325
115
364
40
1610
1119
322
179
458
2163
681
656
225
928
341
625
995
951
1228
856
90
46970
31
1269
415
121
674
1218
2627
188
469
247
130
290
969
99
130
158
498
1234
357
292
1389
14
276
220
696
2754
295
49
848
38
435
2136
279
466
772
443
91
1685
507
24
374
1157
393
150
628
1250
272
375
52
635
578
412
345
565
481
142
1061
360
1248
700
1534
798
1484
195
3085
582
644
101
452
2604
2228
247
10905
2736
874
2228
886
275
1133
6815
893
16712
3035
7660
1820
823
11739
9165
63
4220
20
38
1975
1739
1400
5645
2560
11742
7
9866
2882
134
578
419
1638
193
1189
5563
62
1814
2095
793
1063
29
1177
956
1555
6009
547
1546
355
13
935
1368
278
699
2770
707
96
978
871
1182
728
1156
180
442
210
2465
199
914
624
1113
170
102
783
116
1063
1593
1160
1312
5402
9312
10601
3338
359
14
2
22
1104
990
15
85
219
5745
7
949
1112
618
252
348
649
216
102
1857
430
59
639
587
1348
350
465
56
191
273
238
2213
561
1783
414
220
665
450
474
610
90
122
1951
318
601
109
109
58
1550
7
57
290
461
231
163
47
850
193
82
143
831
864
410
2246
626
1086
4
2079
4991
2400
322
3
1583
617
1449
3
564
1342
238
3245
10242
6486
4482
278
1304
680
203
727
162
33
647
548
1063
659
2027
3191
623
3231
1722
331
12
11
841
55
58
2
40
310
782
387
605
218
991
202
377
1259
24
139
527
1197
1268
552
636
169
22
606
1006
53
63
1019
534
895
429
328
137
889
1307
247
171
70
1172
537
956
49
360
349
376
1060
122
285
819
509
335
1124
343
1142
322
221
119
676
2273
179
389
443
345
276
49
101
632
342
445
65
134
67
975
897
538
406
2676
34154
0
1
0
0
0
97
0
2
445
4359
519
908
490
1468
2766
2869
2218
845
118
71
1098
999
809
333
216
23
260
38
344
2616
10
2032
247
1124
551
1832
43
676
26
762
929
5
690
469
328
632
133
625
62
232
765
1188
401
186
234
1423
144
234
729
278
1038
415
43
207
643
260
900
128
159
477
541
56
275
1123
96
77
940
1080
458
1737
176
733
13
137
477
150
21
481
2
814
92
1130
341
123
63921
377
560
634
151
120
8
6
145
312
425
1259
244
1058
846
2162
24
514
460
395
360
25
110
667
7
171
389
220
433
701
982
91
338
417
278
22
55
6
272
1707
32
166
55
3252
3002
5044
10882
6970
4177
28
121
2090
2559
3064
819
61
1389
1570
2240
127
50
1714
22
476
891
317
708
262
80
11
300
1046
365
50
544
67
151
517
545
903
360
250
459
223
384
288
384
387
96
548
64
99
1876
339
340
464
1106
1346
16
113
762
707
18
247
647
1206
213
113
1240
1131
356
1365
543
2039
190
221
1374
62
631
235
673
133
1827
667
581
433
703
401
39
281
608
1349
17
2039
544
902
322
797
1978
665
307
293
1192
578
1798
483
2707
2257
20
1958
3002
132
4521
1183
3909
1730
682
4
1572
314
260
1946
1308
11355
198
3252
604
273
17
1487
322
2641
773
1320
1124
81
1289
1257
824
3676
3297
206
70
568
54
187
2328
89
216
405
2936
5
330
139
919
748
737
7
1242
472
2178
41
588
8
14
115
4277
6
1928
577
1491
1099
3953
9244
555
1397
1277
4644
3659
373
3840
1700
4309
568
385
208
311
2782
147
358
317
1927
3
7
1549
6861
4234
4693
13
1240
5909
11
953
202
1144
6
511
394
945
142
633
30
1328
238
162
155
732
398
61
60
9
358
9
506
1656
358
2053
6
142
26
279
1068
757
1204
1198
1000
2172
5
532
1584
8605
2102
1607
3534
3625
2393
912
5738
868
1271
4567
3223
1144
596
1531
2620
27
967
90
1102
484
73
915
2415
291
3332
106
176
562
47
1173
1176
505
222
85
993
258
515
791
1213
39
1715
1345
3
907
2098
60
30
170
2501
291
2228
690
49
298
3058
6773
13021
1955
1430
2526
1066
1908
332
739
2975
253
1368
5249
319
680
1981
258
417
13
859
479
52
1541
108
671
59
174
398
1024
23
119
273
243
493
249
1603
2249
509
2214
108
133
332
321
1635
440
422
373
277
337
110
148
154
680
575
291
343
1093
906
129
62
583
875
98
99
463
1056
16
365
1100
549
476
761
1634
292
143
390
1229
82
4926
2751
301
755
1504
812
390
195
536
274
319
19
368
2098
2
489
450
1328
4542
5816
2499
3047
2014
1753
1635
24
78
36
4177
1487
1897
3986
2081
1763
879
902
87
134
1331
516
2196
982
323
295
843
499
3994
1311
6
84
489
524
979
41
343
58
540
1883
219
481
101
359
58
304
276
420
645
1047
12
92
309
911
16
262
331
1665
407
145
37
518
419
189
9
548
7
1928
1155
58
348
774
427
98
310
649
2301
408
2387
274
837
1750
1748
223
919
3624
2320
7991
5579
499
1726
985
1939
126
149
205
79
317
357
208
1432
336
389
318
2791
4806
3234
2057
2731
2381
4112
520
674
200
430
1557
1510
1947
304
2
81
235
1058
357
2196
117
322
3276
67
1185
225
186
4233
1142
8
940
508
124
456
2492
2142
1169
2087
844
818
5857
16157
833
4153
588
227
1870
2060
611
1661
2163
368
2742
707
200
1216
189
1086
223
13
2853
1183
500
1660
226
399
2651
804
332
12
421
160
2459
125
1507
1256
571
220
1463
2
47
218
1844
194
136
283
1297
60
3787
136
1268
199
13
297
336
5
1045
1849
2956
1432
3322
12
1541
161
2277
3078
824
2899
1086
6576
1980
307
3455
2050
5925
436
37
725
109
83
2466
3101
5233
3462
1374
4128
35
1688
2815
341
319
3566
324
2818
252
721
2485
3458
34
130
59
384
1796
233
480
165
236
29
857
565
9
818
3559
4542
8
1779
1098
2430
3603
1670
530
9529
564
5594
13417
2311
315
5357
6182
1162
877
423
4262
677
5013
1408
855
693
365
1877
800
967
412
1886
5095
5049
1947
2563
5408
11533
679
4912
4775
143
714
120
45
669
1892
1596
3078
3508
7062
841
66
1830
705
2681
301
9
2
359
1566
111
193
1307
396
1643
25
1933
734
153
153
250
247
1514
598
282
24
197
299
99
1067
1428
11
787
304
638
547
975
459
420
192
175
1142
409
337
465
329
11
1329
276
1407
862
4919
902
116
21
930
363
1942
6939
9295
4586
2259
3086
2376
552
2468
3134
446
4127
699
429
956
46
943
22
2855
552
8
2145
494
305
2658
2510
2572
615
1584
859
47
186
71
53
378
490
2335
268
108
577
94
315
41
860
490
9
311
1254
8
28
2663
116
362
1074
1003
527
314
1332
1784
1908
6298
1413
3615
3417
1719
6883
5560
269
1913
4552
44
6037
3884
211
24
93
38
602
409
95
411
1093
771
881
1601
1268
4
1028
2120
1577
1298
783
166
1143
1320
334
1208
697
237
108
2018
1002
985
439
357
756
1413
71
193
152
142
600
1882
266
455
499
2343
261
2595
1640
2850
3138
1302
2000
5167
133
190
4713
8065
4623
875
2608
1149
1584
861
1745
676
1127
1546
1057
8331
470
911
981
252
364
668
258
865
1542
1071
302
1032
636
2008
3327
1390
233
4494
333
2118
570
77
656
909
1578
318
3493
585
1561
1845
694
22
8
4541
2988
1456
298
3691
13054
12867
6818
6594
8094
3081
8711
1722
1488
