31024
340
9242
4273
1870
10126
8661
24982
18525
3895
2394
22377
851
3189
1917
7187
1612
3359
14644
1443
4278
23273
35
4656
53
6635
696
1062
5802
3523
5283
1662
4364
22724
40072
12126
829
2060
2164
579
5051
551
1259
56
2153
502
2408
2505
15123
1815
100
1578
1550
23265
8674
4322
1424
918
2094
585
2315
3181
4533
8612
4774
1704
1518
543
370
1209
2273
99
4180
21516
11647
3753
867
539
4086
1474
12937
547
2540
3936
2203
3060
11394
1420
1709
5702
11600
15737
3239
4249
1321
6372
11266
3052
837
3733
2
3241
1388
3059
7690
2072
1275
4760
8379
1804
19108
2369
4895
112
123
4445
18001
2852
3954
1596
554
2173
332
891
3954
5193
3663
12101
21774
2288
3082
993
4826
4375
4976
1455
5248
1458
4402
2631
220
511
851
982
1099
6670
7732
10664
9671
12439
259
5829
6509
13620
3327
1609
12285
7293
1619
8560
61
1105
12549
13868
3560
26697
55
9300
265
2196
862
9215
7150
2537
1514
14391
6284
3044
5427
3884
888
379
5037
5580
1079
1825
1416
362
556
7333
1383
80
1072
3236
1720
3891
2670
10452
27405
56
1913
16173
399
2184
1810
1256
16
231
1411
1008
1135
2056
1223
2905
3105
2401
2297
1484
502
3859
4075
1897
53
1306
2
1917
7782
53628
369
4124
813
1362
5054
3172
3458
1247
830
1401
2349
1724
27073
1797
2099
5615
1395
1958
7933
5776
818
8526
1655
4635
1071
2214
24
362
12521
4
9700
61
16472
1521
4293
1625
505
2144
2175
200
7737
1729
1517
2982
2568
282
369
2699
4896
10203
1394
2206
26
2439
161
2770
2802
5174
5704
1916
6
6
15726
23562
1100
3137
1670
1584
1306
1011
2594
305
2702
12431
3712
16887
5431
26812
22309
41
6089
2007
1431
9310
1490
4594
769
13302
7454
4619
5044
11904
10867
978
127
3132
4469
741
9712
22600
12012
2978
930
7157
1623
6780
3930
7831
5965
3245
1721
2637
4588
2
6717
3677
26487
3988
1383
254
5785
684
8726
1802
3192
5080
370
594
7894
2150
4278
1284
1212
3778
2
4796
7159
28
22516
849
16
756
2806
249
2005
4750
1437
1479
961
1053
1230
1644
576
1596
3416
28
839
334
1382
2078
1638
5
2832
191
2942
910
2252
1145
970
2638
664
8
2
165
3195
387
968
3574
4329
266
94
609
1473
2239
1193
13910
7563
263
4317
1389
16135
2812
2965
653
12108
1915
10136
5484
3243
154
21015
3466
5103
22462
1589
6318
3760
5779
3446
7011
3415
8103
11247
6526
21548
1506
674
1936
6
7018
6054
3872
5656
1214
1431
2831
516
1257
2421
6401
16345
10199
2406
17109
1043
2869
291
2133
2858
3363
4594
1335
1844
1145
382
2525
27
2187
1729
1288
649
705
1672
25246
6936
1811
2120
851
381
84
2067
4086
481
2290
2532
4736
945
1235
6243
1657
963
401
1931
1411
72
1857
1963
1086
390
709
1915
198
4560
245
1482
5280
23347
6839
4580
569
425
81
2006
502
8449
4241
840
1761
951
3983
362
2215
937
1774
1015
427
114
601
680
368
2
501
3324
576
1615
47
292
109
299
1961
1350
1247
123
4964
2635
2071
4126
276
1371
1398
27
2485
719
1091
21522
12455
3428
1508
18
4920
3719
1283
6985
2973
718
2493
66
1380
639
5230
6149
6495
426
1272
11
2481
17203
8554
4611
6068
321
1052
7641
7372
2018
527
791
778
1850
3721
1728
715
1921
5092
677
622
59
1623
2
753
5490
2599
26
1939
775
5
15
17053
19184
3486
5165
550
4522
2
880
2372
3222
4790
6116
1700
4555
73252
16477
5382
984
4
6786
3006
17099
4289
1063
5916
12162
1218
2351
200
13099
8567
906
5187
3583
25458
620
105
7401
1829
2636
690
5171
830
824
2790
1382
4477
1014
1015
483
57
4445
5751
2277
193
1084
806
9711
7710
1848
17061
4173
2282
5267
1785
512
7336
1722
2731
13
359
3625
161
5005
654
320
161
3982
2490
1399
1217
223
4227
6505
688
3543
64254
0
1
8
5
1440
3556
2061
5895
35
3296
356
1993
6418
23112
4932
40
1599
6351
18107
6349
4242
1860
47
4194
977
1529
2768
17034
16206
13006
5275
2190
429
41
11675
369
2098
17400
454
607
14302
16339
9145
921
8769
2543
1352
26
586
8036
2148
13814
5
3202
6452
5299
200
4505
324
2947
22974
1
59
1
1
852
126
1221
99
2222
2155
8295
1024
1741
498
2143
2310
216
3603
1774
309
988
1908
533
255
927
2305
1775
619
808
4132
2987
263
5487
466
309
535
4076
3521
6709
7387
7436
1398
2520
1529
641
258
11773
1221
3252
1174
1268
531
1038
2328
2925
975
1097
5932
2050
7480
188
1071
94
62
1711
5261
5457
1867
1140
723
11839
5858
1370
1525
2528
1427
1223
2182
7
1696
2926
1780
3990
1512
1517
1873
4167
2752
1229
439
717
802
947
732
1199
2758
90
3222
190
2803
2517
3370
2271
5304
322
5418
2809
18076
345
4038
986
171
3498
3705
1938
434
4587
6578
2127
1066
3306
2396
3178
6677
687
619
2519
1110
793
361
354
1920
1522
1585
128
3283
480
778
3292
14945
7938
3016
434
581
53
436
1098
3071
439
719
2627
2074
641
8831
848
1255
612
363
449
2677
4348
1543
683
4144
1373
1088
709
1398
869
1981
5302
3357
2132
44
4124
12
2368
19996
398
11249
333
3861
3240
2890
1733
10888
5367
3201
4918
711
390
2002
2560
1398
4663
109
4205
3746
5306
19974
943
7224
5340
1239
7950
558
7545
955
2598
1397
502
355
53
8818
390
21
2941
5039
2106
948
1467
1315
20030
4066
2662
4097
12557
777
888
549
2140
3076
2335
3053
55
2210
2128
289
1163
699
346
57
1502
3
4289
6198
3465
1891
6625
6403
9576
5274
939
722
65
562
97
1536
215
1581
3081
3719
1065
1586
2626
2171
2762
289
1137
23
1075
1050
1739
776
6
972
68
417
837
2652
1046
993
58
121
622
347
1225
1100
1371
1660
2301
2817
716
5818
1025
32
164
982
3576
6080
11
5357
6169
7184
1854
2184
1420
3581
3109
1217
362
695
486
2070
2694
1151
2583
5072
865
725
466
222
0
1094
261
28
1181
33
1171
443
1602
1446
218
9
17
797
2628
2167
387
1807
2370
4724
1668
390
6
312
889
2656
383
1657
24561
416
4046
825
805
115
712
1740
5770
1191
1955
662
91
1718
563
1523
186
3748
365
1595
2076
3886
365
3809
808
2116
477
879
185
539
418
601
664
533
2463
684
4455
2756
1195
3780
341
18729
16859
32
2680
745
1285
53
865
4584
14
66
452
2806
61
1769
1765
3631
1118
7
18352
931
9674
8649
14
5158
11950
7652
12
7088
2464
1675
1656
8396
2502
783
1582
3259
1377
97
1493
1513
1787
69
829
451
1530
583
5609
1336
1961
102
619
6265
26
990
988
880
2361
1703
719
1850
1321
2178
1415
523
671
510
8305
3952
15703
268
7
1156
5756
4096
45
2418
2924
1848
518
2366
2279
107
2763
30
5008
2045
6
4029
2639
4496
6066
8107
10570
1060
906
841
132
2234
35
5669
533
337
727
1686
1308
268
1848
1465
3100
27
889
2848
408
293
384
225
637
242
283
884
834
1219
394
0
724
1173
1178
1925
35
696
1330
1082
62
696
1612
2731
1825
431
1173
112
1879
402
3689
437
389
2729
24
26907
1448
551
1302
172
3658
636
1888
2236
142
3559
1527
545
1872
3028
401
451
183
2234
1662
33
100
1371
493
805
12
392
1581
713
0
1558
21
182
1002
1715
1108
1436
247
494
3329
974
629
1236
1540
890
654
116
390
378
2687
3840
2585
17190
2292
3683
1102
3147
1130
18
371
231
1293
1428
56
6031
1065
307
292
1481
552
3525
802
206
3259
376
816
551
626
1143
19
112
25
306
604
1199
2717
1314
843
132
357
2617
1308
245
1473
98
481
337
1343
434
379
490
1298
200
1045
2704
1572
785
4477
1381
54
4458
23695
761
652
1861
281
714
229
550
34
1378
3522
1060
1651
2537
1128
314
190
821
566
330
994
1303
1671
661
1305
71
709
742
1146
282
667
560
199
1614
4669
115
156
374
123
261
392
718
149
905
366
381
557
31
516
96
361
185
52
1081
363
0
133
450
141
951
858
2197
1143
642
1098
250
2271
2695
403
4060
1896
311
2
2796
13531
11366
26
2886
5434
44
1532
582
896
405
48
148
1051
4929
1242
1018
47
1400
212
847
529
4869
764
3355
1787
235
148
1378
356
7585
209
1643
2791
667
2071
4395
1032
5208
11049
976
3317
2449
4834
3095
15079
857
1220
1831
4851
693
58
6606
6624
5315
2055
4893
2088
1811
1378
9950
9170
40121
4546
1528
3047
106
3005
7473
4587
370
4939
4298
8527
35
16355
2724
6410
3296
5949
206
1661
654
1232
1175
270
199
1500
1194
1
1445
720
32
2080
238
1629
8
117
2581
3393
72
974
47
1833
356
645
133
1032
396
86
1961
686
4545
146
7257
930
10
23
2588
957
1860
16179
9036
1423
1748
5466
144
4
3731
39
4701
2830
296
486
318
295
1870
96
3151
811
2557
1013
9041
382
573
2601
1054
9
701
3750
9
1488
3176
3580
12448
6887
2209
1968
1158
400
1097
1309
265
284
5423
356
126
180
888
4201
1091
365
166
3771
10733
54
714
1106
640
1772
1618
1106
2954
1078
5598
8593
681
3596
13919
952
6675
2133
1183
4
731
3416
1908
4270
1380
938
3525
1636
7
1174
2002
3259
44
777
92
50
319
340
3057
17
819
3382
202
21
1240
191
705
385
436
1273
782
655
1870
26
422
289
2290
42
580
204
2187
1268
1421
5357
1098
3603
1150
2243
12350
7000
4764
8595
78
1
0
0
378
2363
946
490
730
120
811
4933
578
2266
1891
662
1962
1006
534
123
339
585
565
103
1935
16
1085
1466
846
992
2
390
2744
3594
1913
10916
2447
6033
30791
4036
4345
6172
72
547
103
418
826
642
481
433
578
1303
940
4502
6056
30
4
4794
656
2268
546
698
1171
9476
4489
1270
357
2639
51
5247
15
5043
1613
7672
11485
8814
582
3087
1700
702
10
178
568
2342
2
1330
2101
529
85
6366
699
1551
15
105
16
1507
317
1169
1133
3690
41
2112
372
350
5758
4
262
13455
9368
1235
884
5665
5527
1314
779
702
1265
698
1981
718
36
26
85
1573
1114
401
4010
868
24
2148
340
1864
995
954
1487
3021
5652
358
1639
1278
211
1404
35
102
163
475
280
49
6079
1121
1479
3415
26180
81
694
949
2438
246
1712
2410
616
16327
444
883
1788
1155
167
4267
1293
2485
1677
35
158
2300
905
5623
2695
1457
1511
1796
2440
601
5367
3160
6685
6704
6181
237
7
2977
4491
5733
307
1677
4474
867
2493
23
157
1258
2
131
728
3007
351
303
1116
289
403
1343
426
193
905
1869
361
1107
1040
46
2333
130
142
896
2334
1946
3392
2270
1237
229
616
1227
1410
933
2362
4700
16923
2546
128
378
656
546
5256
1907
1641
3256
13224
696
1484
113
2212
656
595
5042
896
47728
1262
669
22
1027
471
1523
6
241
4404
1
1
1564
212
956
2085
27
1595
409
693
349
229
526
1142
1746
680
1279
347
977
218
329
245
261
710
667
648
1556
347
1044
219
1460
1426
532
1973
1908
365
270
115
3320
1831
466
2555
372
944
876
786
3762
35
2711
7233
213
5939
8802
11918
1906
2511
150
1123
1240
41
438
361
2739
531
386
2493
512
1308
1309
1934
605
2554
609
3147
1980
1541
456
931
1198
800
1824
74
4838
1807
6593
1746
3597
4879
2605
688
18896
324
5377
3820
2191
832
1326
3431
2459
558
504
5027
4499
772
1710
1721
1022
74
946
3057
2032
761
3704
692
1761
872
137
17
195
2454
776
3216
1441
75
1482
2273
23
16520
6441
1
1617
3089
1558
1377
381
1563
4841
2778
1912
2950
654
681
253
1077
41
469
292
80
170
91
1189
1210
1346
1530
759
19
507
9
20
1760
428
247
955
16
998
752
27
2393
970
1071
192
1288
65
1804
260
2508
774
781
611
71
762
587
618
37
6795
193
2105
4196
1840
1191
6
10
19777
2119
883
311
1046
6961
269
891
3818
1348
671
2
113
31
129
568
860
3618
514
90
734
778
1096
833
414
231
131
518
1965
1983
205
26
2391
251
433
17
1393
759
340
724
3402
694
160
395
366
966
1796
527
13
3538
4397
2684
29
751
2813
712
1196
11397
10164
16
3055
825
531
1072
204
40
1478
885
3417
1141
1373
522
2
320
4007
1348
546
186
2461
238
716
870
1057
4622
666
21
944
144
1033
502
318
703
598
975
1337
1639
13
2347
3039
545
20
5172
33
74
1103
1495
2572
37
2057
969
991
2816
2491
20032
122
26
1628
3352
42
208
246
116
518
387
6546
2079
5408
3985
527
3310
2459
1286
1617
447
577
505
888
1815
124
2800
128
184
1169
835
46
2922
128
2675
2815
970
872
961
3752
2354
246
296
6787
962
9912
9525
818
2069
6143
55
1596
2231
1298
1765
49
517
152
465
3969
23
1574
82
811
348
1123
161
41
1476
1650
626
51
918
1812
223
142
120
1020
2432
503
83
198
600
83
366
728
1680
777
311
798
530
11300
2357
3101
6130
1180
8331
4584
4
9142
4683
1312
4001
900
2393
1220
1261
1378
55
4112
172
1239
1979
108
11
3174
914
54
308
599
23
256
1177
1655
2857
3918
1
1544
7078
4208
23
1119
8998
1253
11583
28
4557
21648
3851
5169
1491
6330
537
2
882
342
58
11
6
3951
2210
284
1794
1346
3829
2
1648
1223
474
1533
268
1076
3008
343
2013
816
2900
434
11540
8632
34505
928
2641
1222
329
3322
622
2319
1154
1630
1045
503
791
134
1760
1937
945
720
1381
2543
23105
3347
1890
1717
80
2
1301
3396
1026
210
294
1316
30
488
691
521
245
907
994
361
1220
139
310
1230
12
88
1284
332
88
624
915
398
600
1105
90
158
69
541
534
158
183
185
791
53
449
735
373
938
235
35
957
390
1066
555
126
597
468
639
801
288
3548
14
2301
2290
352
1470
4564
450
1756
416
1377
54
1386
22052
11252
2072
126
287
651
240
38
5761
2192
344
270
1326
341
155
284
1476
618
915
257
155
2531
695
1253
40
121
628
30
33
87
1557
33
346
1417
1148
448
237
124
703
2557
327
146
335
1
36
449
2690
227
652
190
1657
188
33
54
88
297
968
1170
127
86
612
287
524
806
497
279
529
164
11
1534
1018
404
274
6
1170
2283
3769
1250
12
552
2282
818
23750
407
1774
1620
117
553
1944
765
3798
1217
1699
784
965
32
425
902
201
73
1034
1219
15
7
2045
14
2463
287
244
70
3958
1337
254
153
796
1082
925
192
659
593
836
596
333
1520
10
1598
89
720
131
3077
2444
621
935
3933
2707
2016
261
2298
1642
1105
2743
1125
3737
3133
18
5378
872
6
5423
5296
435
8573
1348
469
1923
1435
2896
493
1380
137
938
1985
271
95
2065
759
2069
366
2420
71
555
474
3028
888
365
78
359
429
99
327
3125
159
1540
10
1649
2
2681
925
5370
4286
2190
3978
3950
1987
4050
3938
13527
2041
3024
957
28
16
952
5382
467
968
48
2885
2
3538
146
133
1
898
3277
229
1438
115
322
723
2330
3967
148
3949
2057
2840
297
4070
231
4539
9751
16954
6279
12792
2282
6163
2477
1425
741
3999
51
1722
1443
1661
91
2020
390
40
218
304
373
1285
99
1120
755
2342
781
594
791
1683
929
1729
6
3279
967
572
802
1598
768
3534
10457
8599
2691
155
431
6304
27
255
227
2175
3214
1614
162
220
204
2026
931
3426
2027
97
678
4036
564
411
838
616
179
746
642
535
385
2646
576
1389
450
93
9
28
1006
195
229
33
282
678
24
4403
1830
299
202
438
940
426
148
814
825
1268
5483
856
1062
578
23909
208
2075
121
489
854
550
1404
1417
4102
517
2331
368
1
145
3297
1242
3257
23
347
350
1124
9
872
96
114
84
837
254
1128
356
1719
3
465
1832
731
531
481
227
625
593
61
123
513
748
446
147
146
352
881
48
295
184
799
1055
656
823
766
790
1811
1026
325
228
378
4355
16
1927
363
2208
2284
1606
291
1915
29865
111
71
1362
1385
3366
1516
515
749
399
451
1387
91
124
965
437
1069
253
453
160
103
2173
780
75
2051
3434
547
2752
565
72
1216
160
363
646
156
280
276
1176
622
1011
1057
76
1573
470
925
151
2598
41
638
580
208
563
13
1752
575
1886
58
693
4845
2681
666
36
797
2
7
44
662
24748
1174
1196
412
510
126
3328
1212
4371
3311
282
745
1226
359
740
170
8012
1332
2443
920
3147
1058
217
791
62
771
5361
2137
