259
954
2479
1261
17978
2976
5449
2641
256
171
791
2039
821
3891
524
1550
872
36
832
1257
607
236
392
188
74
2209
822
279
266
605
46
41
1373
15
82
1837
1075
487
965
989
3807
617
901
482
109
270
1646
786
5927
728
193
2621
82
274
2397
114
622
769
360
2517
15009
1430
3624
1038
563
3896
3667
2728
4448
3130
1822
6024
2496
2835
763
160
475
194
2650
103
3236
1261
6
78
188
3389
1818
534
1104
1693
315
376
48
690
55
1410
1263
107
1753
256
20
874
180
1931
404
1453
1246
95
391
1620
740
1
119
2109
985
11118
10274
5723
583
421
1090
113
1124
1117
591
108
873
151
3158
2113
1087
1069
39
3361
802
15
397
693
4
103
1645
518
315
267
324
150
404
332
1131
495
704
1578
55
12
889
621
617
119
687
869
71
888
311
346
22
96
154
1643
422
107
366
76
474
1395
56
121
354
24
544
76
84
91
788
864
326
1200
405
155
877
86
35
1930
53
67
144
166
1348
145
9
132
219
650
269
916
88
96
1883
503
912
90
437
454
892
1448
837
3071
2484
489
12468
9116
477
4392
95
261
196
543
2241
556
977
977
485
39
1828
789
55
2136
816
1397
482
248
1809
1634
377
90
692
217
1015
135
95
1575
2352
1036
3335
152
124
237
745
101
730
174
155
1763
304
16
727
470
180
142
281
80
192
235
139
246
507
269
17
594
122
27
123
10
2013
347
273
702
159
252
549
15
644
1505
8
706
527
920
262
482
707
483
1586
95
3527
2644
1575
1964
479
18085
3211
1026
415
67
519
404
1528
257
977
174
130
170
120
399
572
69
1034
3290
1023
430
401
1716
1253
1178
46
510
255
995
851
478
413
686
234
106
84
546
204
247
188
254
196
82
646
231
648
247
865
460
194
352
1910
854
201
140
366
147
697
577
117
383
8
303
150
8
552
26
217
507
810
270
115
1063
600
833
406
73
228
56
521
68
127
1083
187
163
482
250
330
495
289
76
706
102
184
2402
409
241
712
1208
966
640
407
1008
1058
630
66
220
88
620
12
4953
969
1431
1428
12894
8426
2888
403
185
584
214
298
104
1236
160
344
220
213
24
196
58
375
510
679
23
248
241
298
421
1623
676
1897
199
3022
150
1831
58
104
905
1090
1260
398
21
12
1204
833
219
1541
292
1104
72
271
44
1237
21
614
941
1823
424
52
645
434
95
14
328
664
322
93
70
86
540
470
30
1275
170
329
1375
383
149
91
84
1071
125
107
243
145
14
410
121
647
1574
1081
697
632
916
978
64
183
591
27
552
910
43
3852
1966
974
1358
2380
211
2417
1002
35
11825
4062
6956
1145
116
285
604
761
154
303
213
183
176
1119
1524
320
1023
202
394
343
951
2016
42
136
68
873
617
62
1652
3900
135
131
156
187
605
491
842
236
81
866
419
319
156
569
217
1016
36
115
13
969
590
348
374
265
8
25
141
1256
37
852
148
151
139
56
53
161
13
471
8
237
1234
89
947
1868
1969
165
34
268
605
108
183
1258
562
86
724
28
67
666
108
476
2322
554
148
1922
122
622
238
3862
307
2523
4395
912
793
19856
2596
6738
16
189
554
229
33
690
47
372
328
321
2013
223
1426
2595
208
1046
556
747
1283
673
1033
447
482
1429
499
906
675
13
551
488
255
590
166
1615
444
1452
61
495
110
177
366
1362
971
110
2758
784
756
1217
808
1469
184
1159
1125
346
2372
189
414
329
491
1107
245
48
971
3686
147
282
865
3710
6155
1558
15357
3573
57
833
2148
4354
208
48
194
335
1426
2300
297
2
1549
1653
2246
955
116
377
306
118
856
64
516
23
184
674
3095
1931
211
1706
18
1359
961
350
1911
3338
2263
415
870
49
831
770
19
346
909
1072
5308
3207
325
58
17
163
2097
1436
769
77
9948
26814
7314
211
1223
614
117
19
89
637
678
1238
613
732
148
27
17
139
441
558
656
406
1825
47
2587
1053
85
1146
1486
2284
924
645
572
155
951
133
127
154
721
183
196
42
361
170
1759
549
125
1261
742
54
268
441
109
3601
358
107
211
247
2751
98
653
214
443
209
361
87
562
4787
3690
2139
17065
4912
76
1248
34
1745
976
1946
204
649
252
619
1640
2744
1690
617
842
327
2206
507
871
86
732
685
208
229
2202
8
3
769
68
334
27
296
1376
406
1765
890
26
452
674
1799
312
925
1881
1577
471
141
531
907
319
241
281
233
984
1092
779
107
33
17
846
133
1163
126
30
1210
151
1275
1555
2786
159
1005
1137
1709
2123
1290
173
3100
215
6440
9682
2911
4493
1126
813
824
233
2027
642
527
725
2983
256
2680
932
246
249
986
300
844
495
1177
957
2402
179
243
577
72
1944
698
903
363
1058
1325
179
36
1498
79
287
380
418
109
517
4
1800
327
536
362
699
146
109
286
146
977
413
268
761
55
58
554
620
256
446
1311
269
900
136
1402
814
701
706
599
464
3454
895
2704
3646
50
1396
7115
17593
601
19
595
225
317
1949
659
650
138
183
1030
3245
1220
1631
795
1695
63
58
270
19
1039
1317
573
861
1227
396
160
37
14
355
318
54
97
43
110
343
721
69
716
195
136
299
527
947
497
321
474
250
1570
210
140
42
49
875
68
1058
169
12
836
100
23
2205
72
97
773
186
239
697
9
566
861
1115
18
155
145
163
142
5
267
72
436
953
708
660
618
865
144
2256
520
428
431
1195
182
74
741
185
156
9
803
984
1007
785
3441
1313
3198
51
524
21176
443
1989
95
64
2869
566
26
489
1682
913
285
6168
613
500
3147
656
1443
2181
568
784
1225
152
196
1797
155
2697
386
14
631
491
728
522
429
743
1292
1727
84
496
14
1858
103
15
1409
133
742
179
79
48
241
508
749
970
1706
1240
763
1239
1643
797
51
618
2063
630
2284
446
3163
2096
1251
76
21176
8381
148
1194
346
4297
23
14
606
444
738
425
2546
147
509
1232
816
48
516
2838
1279
1249
2783
1224
1439
2611
782
1368
649
27
3570
1764
107
14
150
611
484
1444
323
4
2991
4808
960
1988
52
2694
5288
681
27332
609
329
2509
2067
649
2578
3211
1098
1291
2136
170
1488
52
1724
314
266
418
588
168
34
1348
832
254
1361
62
1115
1105
52
217
2123
185
166
301
154
14
489
24
62
453
102
217
204
183
152
1118
62
326
1102
991
177
3
2654
3386
593
400
1215
1418
180
61
1604
544
4663
10
203
92
1037
718
6109
12832
1225
2285
1980
362
679
133
240
1594
129
376
53
67
1317
993
307
1030
1569
589
2016
1167
1235
1221
249
430
287
370
13276
302
15
2295
389
275
1786
333
1805
223
37
68
651
138
822
347
68
171
82
2
1244
179
512
785
216
1105
40
390
327
2506
70
72
466
205
420
83
29
915
20
24
683
1033
56
849
793
425
41
241
351
1
939
1418
354
94
299
44
4512
2195
2935
20234
7
168
1869
312
583
170
242
90
1495
105
109
137
738
1352
3464
2676
452
1107
389
83
1858
840
845
939
496
65
260
318
276
2
16
108
1083
9
293
744
218
269
1248
2279
306
43
398
316
66
321
97
375
62
23
270
773
2055
198
239
83
288
505
1304
732
52
405
677
1217
98
893
574
51
128
59
17
1085
120
205
718
226
15
1735
162
319
374
282
32
423
463
2279
489
313
102
14
272
576
398
867
586
747
28861
576
3913
234
90
2081
396
481
823
370
1110
741
1039
2144
1649
433
2220
149
1376
1222
97
1240
1679
5475
350
563
756
2067
544
1398
934
250
582
82
157
281
123
206
1312
86
60
55
108
268
57
312
518
531
120
973
171
138
360
1429
90
42
262
393
509
186
583
633
527
554
617
106
478
1220
740
4035
918
131
296
150
345
1176
21
349
291
829
3607
1479
1453
4622
18431
673
634
244
16
233
327
3729
327
229
132
142
495
1187
1896
1842
202
206
265
1
1474
264
278
1207
241
396
410
438
349
940
55
2448
810
170
650
779
146
28
376
81
170
414
29
71
229
100
91
153
370
122
42
83
697
30
652
249
82
181
408
88
294
537
310
88
142
179
535
1387
292
385
711
605
215
280
288
379
970
3
100
18
21
279
159
163
142
2
124
122
188
56
429
644
78
475
317
554
80
466
193
121
1162
21
74
13
41
68
442
643
575
52
72
365
273
211
29
61
153
167
715
134
1270
577
434
138
598
120
255
34
497
173
1068
513
439
1131
1331
165
1522
853
2287
176
59
1706
1578
52
652
3334
1880
13
852
5450
2709
3055
2238
172
844
3275
773
140
23
2285
68
278
29
478
377
19
49
452
408
355
27
402
856
95
83
1998
2720
346
2033
68
335
455
13
116
724
63
968
1387
211
1867
1342
54
254
467
454
11
57
107
593
205
118
1197
1227
322
16
253
815
82
133
30
563
299
31
419
311
1098
558
696
524
681
673
971
1566
216
112
82
778
756
230
219
272
264
900
396
303
157
336
358
938
15
34
31
21
334
31
562
435
532
4039
1370
2187
518
433
355
11
393
1911
409
93
400
225
1550
52
911
1269
3996
6357
14265
1005
1560
3452
234
1610
239
486
24
770
229
1844
51
61
27
296
484
589
2768
289
1434
3986
69
588
595
2718
2235
1932
411
54
406
242
548
254
365
528
283
4375
770
72
1026
1669
207
999
456
865
940
680
141
206
1346
106
419
343
1161
682
76
2617
604
1446
108
127
268
725
8907
244
4602
10309
7543
3709
2324
905
553
68
684
341
574
1807
2032
550
671
27
961
156
324
90
1664
1777
582
1093
209
1861
188
15
261
19
112
32
1846
2348
580
372
552
26
747
313
44
744
1145
818
471
1049
531
640
213
631
269
543
194
1876
1199
1858
76
451
3368
590
261
35
53
486
80
741
740
148
2261
1040
1978
3992
6365
17249
3774
425
296
79
329
82
548
1027
936
635
88
55
800
1526
142
1191
218
371
41
119
2344
1220
72
316
2307
567
438
1241
806
2263
579
1287
856
439
256
1190
171
1468
47
1070
807
612
289
43
557
2569
23
81
381
48
199
938
230
1002
273
73
101
106
805
833
112
10
181
127
544
15
0
1696
299
9
60
60
91
80
545
625
487
674
916
1511
3499
474
1508
632
10
5
272
755
2446
268
1977
35
34
2
2249
297
337
648
326
6001
1866
13284
96
75
184
2181
359
1081
702
2251
792
1615
776
5341
164
1858
561
1776
400
577
180
2
998
2385
1633
52
184
2120
340
1115
510
632
91
144
1044
403
373
92
224
2209
528
267
234
18
1736
2674
76
2388
345
120
514
1711
51
13
813
403
429
803
44
238
0
412
117
216
123
47
71
165
15
1299
371
94
466
296
3201
201
1167
78
189
1257
50
496
184
1689
108
242
22
653
135
182
509
3099
845
5875
7432
6270
5
127
4082
525
60
1435
1141
492
206
1433
250
125
97
126
324
356
163
171
277
774
841
573
897
998
911
1363
1027
3077
238
364
105
148
1619
10
59
794
1038
945
137
135
198
16
696
187
157
374
995
72
300
1032
355
612
766
203
493
672
1147
732
166
440
58
214
35
206
22
1195
49
1951
16
690
678
182
360
145
948
169
166
214
91
747
755
126
904
1243
246
88
1425
202
96
33
484
1068
598
298
437
486
133
441
829
43
644
310
262
229
417
210
411
526
1591
3176
13
607
3100
1046
8970
4240
5424
325
343
2629
1851
414
1601
1151
63
37
148
145
1103
772
244
388
528
154
75
248
828
115
55
1154
92
532
1328
1720
435
239
549
3184
105
2314
112
109
53
157
961
389
1001
78
899
443
1587
811
194
365
610
256
124
171
649
62
382
444
415
284
500
1724
1205
670
61
152
848
619
72
952
164
101
247
577
693
595
589
1605
368
1178
1686
27
461
233
1523
4329
1323
183
4817
1229
24187
2066
45
139
3298
13
151
330
2511
217
99
311
1874
4448
184
430
495
1065
187
1329
241
10
114
44
1289
645
444
1284
1026
72
122
223
356
585
614
91
1197
1031
384
416
101
60
108
722
139
126
146
330
608
338
233
263
113
399
277
389
166
135
371
731
767
33
54
592
769
660
635
56
504
47
415
358
355
164
108
157
383
88
392
17
123
301
123
134
533
146
1001
489
251
118
455
1259
905
624
275
224
40
1178
209
1739
441
1034
6
417
1208
375
2409
136
14
427
10
886
211
1826
1107
3551
377
1359
2070
507
154
1669
7319
2738
10880
4893
9398
4402
5614
501
865
2884
2240
1049
519
272
34
1358
1907
1192
29
74
648
156
268
12
636
608
1201
112
10
265
865
690
822
434
928
271
2059
758
204
1149
252
702
1025
661
527
2377
4461
89
1204
2337
4500
11795
1681
740
4071
1378
1592
390
265
480
382
160
2257
88
1546
628
2016
2715
666
671
1619
1568
483
721
2162
286
871
3100
1841
434
2748
178
288
758
343
369
1023
65
662
1334
1048
639
240
3014
4166
564
1156
7322
1772
4175
83
246
17883
1033
2817
259
39
214
111
321
71
174
2786
2
73
991
21
134
1658
2180
713
5930
868
1921
22
1289
1512
72
1436
1328
439
2143
49
196
1139
653
213
4
268
95
215
1007
1511
31
805
334
1874
427
1075
2541
337
44
596
419
120
23
48
89
297
216
1754
15
358
61
304
288
255
56
273
611
225
1038
1870
39
98
12
390
127
539
442
1034
779
1830
1050
4650
235
981
738
744
169
1097
11032
60
8473
738
1697
1873
100
1220
1795
513
90
1214
1890
3792
944
644
942
1354
851
376
120
72
154
678
788
319
999
1090
32
338
21
1471
252
797
1591
508
92
1629
300
841
537
2920
2092
8
362
374
508
1084
63
25
139
394
102
147
755
97
2348
1148
1301
298
59
581
142
236
327
97
279
261
346
852
1078
173
236
118
54
18
77
1154
487
232
134
1278
179
62
2300
585
224
2514
2224
327
2636
19606
786
3192
628
151
464
173
81
638
76
517
150
833
483
715
542
1926
691
526
84
86
46
988
2516
3381
2909
4209
947
153
1354
740
53
503
118
346
1388
589
872
310
178
916
100
10
82
502
650
110
180
254
113
169
910
137
1375
24
426
355
404
208
62
1267
910
418
869
229
120
70
81
30
68
133
1043
116
81
47
52
388
173
62
1020
361
207
149
559
440
352
1316
31
429
751
179
2245
10
104
400
76
39
449
1325
270
186
777
4154
3804
344
44
41
89
889
687
1226
3901
31
12286
1155
2687
617
279
193
283
200
311
1160
1365
1215
257
165
975
2029
302
225
233
18
273
710
538
689
1364
133
3660
260
794
115
241
93
494
1208
584
454
414
1464
116
619
1799
863
110
1535
521
179
1310
1683
387
436
21
17
123
405
775
433
600
105
1527
196
612
900
706
19
309
117
970
204
1208
449
1029
191
47
98
14
95
94
171
55
40
1015
177
842
1127
385
551
135
1726
65
47
54
2185
87
2454
1675
2806
558
1189
658
52
619
593
350
505
12149
15
6072
342
1996
1916
209
166
672
430
1109
420
878
728
32260
86
156
10
318
101
251
83
7
411
401
47
95
562
33
753
197
184
104
16
455
198
1351
744
343
0
1905
2172
784
181
468
421
469
3802
1611
516
5046
712
5092
16
16
24
4666
5752
5673
2023
87
1138
2758
2019
81
521
30
451
934
14
910
202
3117
247
2747
3084
101
589
852
3483
264
2116
497
371
2274
256
724
643
232
4227
643
40
225
1095
385
3274
661
1961
130
1593
403
296
2739
164
3162
1453
1277
365
213
416
272
2384
178
1599
9128
5517
500
18
8640
1184
1979
6165
2503
924
10
571
2755
2193
99
4100
3733
1030
506
376
2624
470
7301
5627
2403
997
34
24
66
494
1901
1036
74
1833
777
311
154
2412
836
523
2523
2687
1291
1506
550
56
70
2398
16972
1044
3425
147
380
442
1274
966
284
336
3064
1066
552
3448
2595
374
225
654
1015
631
737
1871
445
4014
183
2059
2501
41
994
1055
276
1367
131
1983
220
178
411
819
580
208
411
41
327
655
575
215
1364
188
88
817
730
211
143
85
84
385
232
1911
194
34
1902
321
298
1747
75
1311
45
2862
279
786
2988
27622
865
280
335
140
42
819
706
483
10
306
62
140
484
50
341
1020
1685
1035
3181
1721
806
83
14
21
211
692
408
76
2341
524
670
429
313
1388
103
868
571
208
410
9
311
1037
0
322
109
519
783
271
986
773
237
372
1
350
1849
2810
13
178
262
183
97
300
64
155
5
44
399
1146
4526
1253
325
249
108
1115
929
788
521
712
519
437
449
116
311
1219
2938
1994
2170
877
430
3347
1888
18518
2253
803
32
21
3
1210
44
1161
161
3572
532
601
215
990
4312
1649
526
301
268
123
390
679
4646
127
401
1720
1710
625
1762
182
43
742
675
170
61
22
1194
591
250
327
232
253
1165
1467
28
0
141
168
214
81
37
7
44
171
952
424
453
129
138
142
304
530
1110
97
520
165
1809
24
219
213
190
319
849
1822
1237
639
387
1167
1882
1823
946
1045
278
106
189
858
2243
1065
1863
699
17112
3636
2477
337
379
325
297
318
110
130
14
33
84
1846
295
479
1344
323
198
222
208
2959
98
2198
734
1390
2591
2378
1830
16
1059
125
1371
673
1836
298
19
780
40
602
625
61
13
678
934
416
76
2363
68
151
229
177
2009
2228
598
1028
371
1862
677
311
1205
349
747
4077
23
30
772
354
462
1561
436
1718
3510
947
2001
915
846
233
3275
20544
1475
1695
151
61
19
312
156
268
499
849
2287
89
168
2228
1225
782
15
1192
31
3587
2230
440
211
115
195
407
470
864
298
83
51
1518
969
557
183
111
322
121
140
1160
1557
2851
397
102
22
243
842
829
750
862
539
52
459
16
6
1149
447
2205
668
799
981
93
845
2535
2485
895
77
467
1667
438
11
155
1305
2636
163
613
41
124
2334
928
2764
1150
946
9854
29
47
10192
36
2432
916
663
31
652
2113
31
1029
1001
1335
1216
513
85
457
7
1414
1932
747
53
40
456
122
148
274
756
1082
412
999
443
79
116
290
805
1240
119
38
45
386
1530
394
1492
1054
142
490
237
275
80
47
2363
214
925
1132
927
240
114
203
849
1994
12
105
124
3212
1811
2282
1000
2055
1329
308
2284
254
348
366
1762
1479
2410
939
892
736
126
2713
465
95
2547
2483
8384
6367
4040
1856
87
504
207
199
2362
246
747
102
1955
840
2675
474
860
66
1340
484
1284
76
1199
1471
3037
875
753
168
1011
1433
5100
51
1101
2141
260
4742
1626
1080
252
2206
2657
669
1047
745
417
1096
203
1822
5302
212
2891
46
825
6144
1209
2982
3188
2094
2815
1434
3094
953
1164
2803
169
51
10
1
7448
3884
32
56
1667
292
2081
1048
1586
112
606
5621
716
3601
3385
1253
522
1278
732
18
757
414
4085
258
333
1787
942
2342
708
207
1833
329
872
1327
1145
1070
17373
3063
5871
459
606
101
722
545
642
1499
1553
2586
1073
1648
124
835
1132
635
1967
192
2083
916
475
95
413
1760
1057
1306
353
410
1692
624
52
60
722
305
44
1146
149
215
20
492
698
2529
613
661
211
91
83
401
404
969
2099
584
290
8
1126
70
272
448
219
1301
1683
56
920
857
100
324
106
2925
2113
384
83
2019
527
1805
512
456
214
19100
1988
2371
2372
857
1233
1070
373
98
2372
250
3261
10365
143
383
1129
33
1518
357
432
382
146
367
231
1125
146
961
170
449
418
211
877
981
75
1307
107
73
234
734
298
3
3229
125
1327
333
668
157
422
125
94
125
47
762
201
49
2723
235
462
248
190
653
222
1780
656
57
22
125
1295
298
224
1446
1227
668
2611
1233
2371
624
452
174
604
291
7551
9903
2369
2012
323
2594
933
2045
119
244
63
284
790
554
793
8
614
1359
785
2090
1003
1325
2242
1968
1614
204
107
252
80
662
1523
197
54
149
30
1
543
522
1578
268
1313
255
351
262
217
140
354
78
55
1356
424
176
468
8
365
38
372
1110
261
84
872
534
766
154
1217
26
224
1331
280
175
335
346
45
58
428
345
1204
640
102
135
244
422
816
1237
256
279
586
375
438
190
749
688
460
119
576
929
1220
408
858
301
1918
0
1971
607
21
2053
686
1410
691
6
928
5162
227
3948
3360
231
5087
1266
3074
33
903
1245
562
3763
587
664
1059
743
417
242
1502
396
360
273
3727
989
1207
271
799
246
1733
96
10
247
514
91
644
91
568
967
193
758
108
403
5
177
4
2156
121
777
435
77
590
216
646
327
341
155
151
923
809
980
48
84
582
273
2680
193
270
64
130
299
61
139
177
2992
1940
1293
260
888
768
680
206
740
207
143
1088
2186
14
3202
3545
694
2499
1140
67
846
0
93
123
41
7589
6357
3524
10490
4736
77
4
5352
1084
635
1384
970
968
560
1451
794
1026
78
1001
941
311
143
1048
455
1478
1299
40
1107
30
12
2141
622
178
462
256
47
9419
5125
2903
11
3706
371
3328
1847
5349
15341
7219
177
264
27
438
341
294
85
5377
294
1407
413
369
15
2441
255
6092
135
2743
767
2777
693
2151
113
8039
929
2841
807
378
567
1454
5305
1825
1260
1506
2458
4349
408
14012
2172
71
705
1010
1451
210
40
3223
1022
31
72
706
9393
66
458
744
529
570
403
83
311
2671
1243
274
231
215
399
66
209
47
269
519
148
2618
186
113
106
669
848
19
1319
104
809
344
397
963
142
349
542
459
319
654
2
537
313
1330
83
1362
222
524
142
218
989
314
202
45
456
183
125
52
68
559
422
825
340
1017
26
1344
756
720
267
134
589
111
5
647
486
324
760
259
333
965
1717
2074
126
58
353
24
455
656
76
234
267
352
177
4295
16814
1981
2265
3891
1475
1200
268
1641
809
2617
1929
1501
432
479
459
436
890
1243
328
583
1510
874
1231
1621
163
19
428
506
137
42
674
262
326
33
15
341
95
658
796
439
245
396
1985
378
1435
217
949
700
270
180
82
350
495
79
950
1274
1258
145
590
1081
448
248
1009
4534
171
668
529
318
2184
3580
1040
938
608
59
1890
1388
1122
282
2147
161
2726
12509
2185
3014
1752
94
674
3373
1396
648
1294
4733
1883
2261
4357
594
740
81
15
331
80
208
1909
14
15
771
227
138
412
268
763
612
387
210
686
74
258
1227
1691
879
39
40
496
2863
599
551
451
370
852
303
28
569
1271
28
397
156
755
1328
1560
1345
1008
1826
1254
103
445
1008
1835
2106
5719
2000
128
14995
2182
369
1154
2081
788
515
185
2442
426
100
266
1345
984
553
163
150
135
2286
795
446
9
1698
71
1320
83
1759
558
524
1339
1554
49
1034
911
1019
444
191
525
965
614
42
1037
66
292
199
314
1340
639
63
289
9
496
32
728
1144
200
1071
49
1619
180
86
1038
153
168
76
328
280
761
728
727
455
218
820
562
891
1033
206
579
700
1046
815
312
10
748
161
74
179
153
333
244
96
905
1592
1802
712
2161
56
49
150
4511
2169
16445
5669
1018
665
482
1635
198
636
84
142
535
2162
531
3759
1284
2972
1110
884
244
367
632
2017
936
22
151
357
93
240
255
255
70
178
172
60
2040
93
1310
29
1608
540
856
575
467
964
513
1264
1088
430
746
43
499
955
96
0
836
16
726
775
1167
261
80
966
574
1073
2436
88
224
35
1798
803
2635
2025
1614
271
3227
729
261
9
152
4
286
1039
135
2854
2442
6319
6028
29
7609
325
306
2603
760
92
1666
2899
404
1178
3087
47
140
239
316
1
1331
192
1139
1027
389
647
77
579
528
2545
4304
10213
3272
24
382
929
1749
810
3210
97
1029
347
396
1027
2360
168
2864
4395
5427
6679
37860
2588
3
1346
464
70
40
24
198
280
502
2489
2921
562
3918
35
3520
853
52
261
1513
1987
2223
906
670
193
1783
158
9
827
1487
45
960
195
60
683
121
2486
46
105
2153
3413
188
12617
2889
3081
428
1043
1899
685
298
452
863
450
3449
239
607
433
2449
287
1854
2596
413
2492
421
1825
213
300
144
315
2241
204
70
3426
1972
1057
867
260
236
353
1292
1395
820
54
86
32
29
368
621
661
337
4
604
79
312
1860
219
542
133
340
902
593
2338
311
1503
16
503
174
79
101
175
2456
751
695
59
214
2449
2
3648
1980
332
303
6878
25
3825
5821
5902
361
344
395
51
898
1277
170
1331
2455
6308
1485
1363
2717
2415
1528
1050
335
223
1110
391
273
875
255
27
1863
1063
326
40
1843
533
1175
268
23
64
1064
46
37
57
650
52
349
233
1354
493
99
1111
59
239
164
392
152
64
22
396
827
175
143
1228
1002
1047
374
58
497
64
736
86
1077
200
430
156
543
103
62
424
1288
614
929
2198
171
24
25
1045
754
200
2942
183
11279
7747
2435
530
460
22
231
1624
883
278
461
108
238
1083
1304
1576
1664
4223
893
2546
727
10
584
1192
351
4
242
526
691
384
1861
371
793
617
452
744
202
3
1723
639
205
311
1445
436
1643
789
880
857
458
1119
61
37
719
1856
251
2715
419
511
64
1527
200
1177
32
940
3017
1746
459
1766
2399
205
4245
1992
903
684
3081
61
14774
342
12
1901
653
2204
1476
4116
1349
730
333
153
2606
725
646
1459
439
704
1315
3587
377
2894
1444
581
2810
1167
32
1203
1257
816
228
282
1501
2925
98
342
2452
306
89
87
52
498
173
445
1462
183
40
666
887
223
179
23
2250
586
1179
1606
1133
1447
1235
56
108
2058
1279
1786
3271
264
29
3386
180
822
13631
2633
791
1939
818
99
233
1985
851
56
881
1564
313
92
223
50
521
2236
1170
3622
216
1215
1251
150
183
228
381
819
461
65
292
558
1134
70
640
700
597
139
190
370
140
163
1036
929
61
1529
310
502
268
1451
664
616
47
111
667
1271
1996
1773
354
665
557
915
468
269
268
130
978
837
1544
28
1053
684
1254
36
1318
5
296
121
877
9006
1265
884
5404
6705
5025
1360
3947
3473
2304
8
1073
179
25
168
206
184
2958
185
426
449
1392
420
331
878
2
6472
215
573
911
852
30
13
331
221
486
3172
309
1950
127
310
334
1387
567
1458
301
674
818
760
3593
539
705
240
414
1753
86
1946
583
658
2181
1202
45
178
1231
102
333
270
2194
363
347
153
21
867
317
449
594
2237
1614
1409
2741
737
414
898
186
1365
3082
16561
106
1685
2145
1895
522
3302
1149
5089
143
2257
3567
265
984
2002
2743
236
209
3037
620
92
13
86
838
136
175
1168
2589
1368
378
391
1960
1772
1634
1386
2973
573
474
2307
1612
2384
425
53
2682
95
762
50
1290
1581
1127
14603
2847
4902
41
665
1998
100
442
551
782
4015
2719
1615
3831
23
411
341
574
1996
393
493
59
1025
184
87
32
108
164
142
2870
58
98
105
107
158
3031
1149
934
71
1525
435
1690
1144
25
38
2034
171
267
264
241
263
609
1028
114
135
416
7
2075
959
826
517
2475
1390
688
91
525
1587
713
1055
3410
2679
148
3941
10743
3269
4071
127
1004
2155
480
248
2148
229
785
2320
254
682
214
3729
828
218
345
1321
381
2783
1761
252
98
135
1850
1193
454
3228
1109
91
1221
2367
263
170
11
227
659
108
1489
386
1878
1056
144
748
1106
470
1169
68
2577
1257
375
282
609
998
43
478
380
428
535
70
654
782
668
1333
237
318
565
4655
13
964
1908
263
2147
719
390
3232
7913
4185
2091
207
3556
432
399
108
219
2393
228
901
107
393
896
409
1416
4163
3731
1493
153
821
1388
209
1097
2484
153
28
106
163
95
385
818
1133
778
630
2794
42
696
318
108
12
38
782
25
58
72
273
298
302
248
1881
98
419
1044
1038
1270
14
189
77
15
153
168
448
58
703
1059
184
1421
617
482
125
2665
1274
723
967
195
1023
119
336
1725
1086
409
443
3415
368
608
120
16767
3111
1888
3906
1040
730
1676
73
382
196
209
734
352
2163
3888
1
1508
3007
830
1160
17
1075
68
238
721
547
1693
313
365
42
5
70
356
252
35
706
749
358
201
38
527
860
423
833
13
60
118
300
205
577
893
752
70
310
114
658
778
2042
32
831
951
410
59
700
1128
610
602
108
343
161
117
350
1707
157
683
552
180
383
308
1921
917
818
13
854
256
1069
785
768
47480
345
309
39
102
1240
791
34
466
685
316
100
1154
59
230
912
96
246
301
627
140
568
213
704
684
25
54
225
158
418
210
989
2523
38
228
370
175
94
2626
170
891
66
226
2467
124
1251
354
167
1865
833
1844
35
25
141
240
189
1444
944
435
709
807
756
137
260
80
530
2118
680
226
1688
17
277
5104
66
2702
2504
698
2825
78
609
192
56
36
8207
2174
26037
2148
8486
3654
5352
3220
3946
35
7228
2067
2097
744
190
1585
866
455
186
670
380
3649
2148
7330
15264
4494
1016
1402
568
1152
1756
39
89
1229
632
3639
1998
235
1370
471
1972
1490
119
1187
1488
2485
5114
1864
13
287
49
1226
940
936
623
2594
894
364
1879
118
649
1104
191
368
280
2419
828
2930
1194
29
1810
165
384
292
945
2024
13998
2718
3847
3695
2994
1007
810
811
89
193
320
704
273
2033
3458
867
1972
30
61
7
357
303
45
1499
163
29
575
424
112
487
1753
620
749
490
72
1287
95
331
409
254
1117
603
452
234
440
514
51
814
145
22
491
1696
435
371
445
164
1520
142
10
484
1004
392
1842
3988
2049
1
1241
367
2529
310
212
41
227
47
991
1617
1733
269
725
4155
314
4097
15305
3828
944
473
815
83
620
356
402
120
70
293
262
105
215
1006
1114
4164
1415
572
2724
1679
558
102
11
1131
57
359
70
560
48
57
3
43
408
362
1071
17
1391
351
56
223
1700
1542
566
137
701
125
210
629
144
250
728
719
656
289
61
1381
1600
96
565
665
205
339
965
72
685
311
688
630
1143
303
214
207
1478
204
260
777
590
100
63
238
295
2640
91
1174
514
22
652
22
128
52
430
845
1120
270
2211
1121
188
34148
46
9
129
765
25
31
35
610
991
2352
147
1057
222
609
83
810
226
3570
1329
170
420
150
2050
998
79
76
998
1207
452
175
21
316
318
72
83
23
197
174
226
517
1948
735
1221
741
660
562
1787
148
1131
174
57
1157
261
197
466
319
927
124
590
179
111
570
1356
295
537
1531
51
344
566
296
1295
32
578
626
254
442
64
1
67
693
103
298
214
793
1127
1342
84
773
674
390
406
86
279
1007
1258
506
59
677
123
64233
52
18
12
108
256
80
7
136
89
232
23
151
115
64
34
5
150
179
340
108
175
93
13
406
7
140
319
150
1122
1936
2444
59
314
669
356
795
240
35
104
559
9
11
129
785
15
1928
104
350
406
68
10
66
4167
2282
4543
9761
98
2401
899
1130
2733
773
1624
935
102
3127
853
527
48
1810
441
3182
222
28
846
477
85
727
668
1203
1558
415
2562
1281
175
627
31
41
1136
168
412
18
95
1229
535
695
44
796
520
809
119
472
421
831
148
214
1672
234
101
323
267
667
79
744
1193
25
928
31
90
754
714
448
733
372
530
709
2002
1886
369
2174
441
653
1074
240
11
224
32
111
454
1332
1224
701
169
344
1035
1912
353
2054
190
10
159
723
383
700
1468
2048
2099
122
136
499
8675
161
2695
2927
901
241
448
2853
870
1966
1403
801
599
333
1931
261
31
381
2581
8121
2709
1388
2198
31
2120
164
2173
1048
1404
1755
435
101
1355
2643
1863
3173
368
923
81
248
1874
129
1479
2363
14
11
1049
106
308
905
379
1746
1561
912
828
23
2055
61
2282
628
1697
1006
518
7736
38
11352
254
3192
40
358
727
1016
469
3369
1690
1434
4096
63
551
79
25
1676
2190
197
28
36
364
1160
334
362
26
8122
7477
1756
2
643
5880
1470
381
1245
133
1004
291
2103
16
2090
1033
194
324
70
224
49
20
24
90
55
211
800
296
27
1363
1085
252
1060
48
214
352
185
137
0
629
1838
6575
73
150
8863
417
3542
2549
1402
3034
2572
4828
222
1922
569
588
894
1217
675
2481
714
1003
2226
395
52
1151
164
1059
899
472
250
740
2420
466
3736
122
97
648
1041
1140
565
37
814
105
4
163
1365
409
1566
1732
1401
268
357
1703
418
1927
548
1139
239
509
312
896
1031
669
1912
430
2653
1800
10742
1317
3358
3098
1893
1783
177
339
78
939
976
4499
275
752
4064
862
255
2028
354
261
809
674
466
1379
824
479
389
719
203
502
348
571
947
116
100
2360
127
1413
1184
162
178
74
375
1918
228
454
127
159
392
234
51
107
191
910
153
2424
500
1431
75
38
406
57
1494
17
19
993
1125
189
59
412
1644
441
115
288
1278
692
1095
1095
2550
3932
73
970
986
2590
33
4402
708
3757
51
115
8227
83
165
646
969
297
1584
183
443
268
2035
1125
71
237
18
5334
1800
1059
3104
1555
655
1465
865
67
857
113
692
114
986
529
1218
791
963
2226
223
3312
1519
29
276
114
524
935
777
3
730
226
43
1121
284
526
128
345
31
183
564
211
604
1122
453
749
130
1
175
595
1960
794
46
305
303
8
104
462
105
121
1364
1167
63
391
1401
108
934
221
109
2456
42
2073
1309
2271
17198
3849
85
1084
440
660
485
141
95
875
2166
203
426
287
219
46
73
1882
658
135
2701
366
581
42
12143
1897
336
3803
1837
299
870
1017
2172
744
138
26
510
1423
496
216
1382
526
3099
2305
1045
2517
1438
679
6119
665
1875
87
1213
2250
14431
107
1375
3329
708
1778
90
672
480
2566
479
393
1850
1897
3590
133
29
1174
3054
1175
733
19
1308
477
906
4789
81
956
12
1882
1191
718
1702
907
629
55
1431
1287
278
1790
666
830
2610
107
3329
1407
482
328
707
1000
28
262
195
303
19
422
148
371
163
2346
6
5388
31
1769
2899
49
306
3518
3035
8711
151
4258
2911
2936
688
573
1770
4123
695
368
1722
5276
1687
178
132
930
2749
1491
2449
1324
708
685
1688
431
1539
209
2878
5219
1467
1384
915
1191
1644
2103
290
4902
681
2661
45
1107
1556
201
518
112
3024
4230
7407
1193
4092
2583
4408
351
173
2190
6674
262
168
315
4718
2268
428
151
4654
2795
8718
463
258
3101
76
897
1178
2993
18
1646
11264
82
1499
3680
475
14241
1711
956
245
3164
493
64
239
60
370
608
2481
198
316
673
12
242
801
8341
613
6773
505
482
166
785
1087
608
1023
2281
16
186
875
52
1016
2192
1630
379
1405
846
27
1857
887
545
1059
1851
389
152
531
1003
306
949
1010
70
410
446
384
462
284
996
1017
376
516
1024
859
1505
3136
2415
1091
2720
211
4535
69
4580
4977
4447
1370
275
481
5343
523
692
4997
818
450
3288
5918
2614
3327
764
412
132
1347
69
1418
2134
846
386
109
931
418
606
357
106
1111
653
54
458
647
503
467
167
295
612
142
471
629
2704
1811
126
723
504
476
147
1345
142
2224
2122
2090
2757
2395
4917
32
1756
1452
8096
2630
2317
692
853
3558
113
828
161
1364
258
4238
2254
3094
428
31
235
3
152
701
2232
926
2001
832
598
3360
279
1092
156
2856
50
1085
279
769
100
258
242
500
967
1974
686
76
52
46
2646
81
146
255
386
2873
101
496
16
3799
1598
768
6971
671
109
1561
5863
2168
20
2248
270
7496
3583
373
3008
271
450
457
1447
985
1315
1177
323
241
3761
2941
4000
3539
7
826
2553
271
1010
1
356
1224
355
304
705
24
226
2128
344
97
1175
1824
235
295
3390
420
2089
1947
1604
104
69
1112
544
661
4417
327
1679
1468
1039
3019
3858
1674
2567
2192
555
30546
3935
3212
365
6644
3112
1125
8859
1071
