12843
14530
7187
14666
45
950
918
1743
7033
11970
1338
961
2139
531
18195
24501
442
122
562
9925
4782
2332
381
16
720
1534
6968
776
3358
1393
75
15423
6281
11478
8084
5289
707
1618
1012
1063
731
695
4367
1943
1701
4179
7135
3466
796
3458
1665
1973
1183
1192
414
228
1541
24
4411
498
31
876
1625
2635
111
40
5747
2369
1479
1799
23600
2813
876
309
8990
5515
562
2037
1291
7900
6606
5840
1572
193
8026
1451
78
3689
1773
256
2618
24205
863
625
3297
11780
7070
1930
3871
8424
18352
3540
29119
10723
982
1085
7978
633
1243
3713
4461
2005
81
418
1931
11228
2761
4605
127
32786
20023
2584
205
1811
19059
565
4603
11028
18186
1530
2706
22
10342
1137
4628
16276
5833
8553
2857
648
1821
2905
2917
1640
1060
27384
3800
4336
1464
4573
1976
155
1170
138
4244
983
4665
1645
374
3390
2286
11754
1276
6891
958
26716
1806
6014
3037
2962
6855
13425
1382
236
2012
509
1478
347
1650
2997
659
594
4747
60
183
6495
474
2737
91
22254
5595
1604
3522
466
2119
4441
6827
3511
3230
161
2589
2712
15385
1888
49
405
11349
6066
32621
1896
1022
342
916
1800
8152
3663
3587
1870
2448
1496
2881
75
1760
1530
45
2549
18245
42
1776
1900
17342
5517
3574
12098
7191
753
9572
2527
350
3072
339
3203
23493
7472
7971
486
5130
13552
13372
800
5711
20842
25894
194
840
9433
7014
9688
2491
1058
1604
8055
7348
17423
20475
954
7657
331
2632
1899
183
10174
6419
4643
520
4758
1110
3104
12891
2767
1602
21073
622
3272
5942
4249
143
8061
4184
3057
413
6713
9948
3579
3271
604
6525
18963
10294
4897
650
124
1047
1917
4372
6119
2636
5461
410
12547
1174
4635
383
733
372
17
684
687
106
581
90
1016
52
4613
9696
21906
170
10
3621
1079
168
7138
4863
1369
211
3026
643
1908
2030
426
759
224
1013
775
1613
141
465
737
2800
347
7655
2247
574
767
1126
1053
2613
27810
7069
590
5912
8113
10229
31
8820
242
1840
15
5466
9022
9895
399
1760
13851
15761
34435
11446
4124
2739
20697
428
6859
3290
8393
2304
266
1064
4688
2235
512
3042
1019
851
1219
2045
768
86
3030
1884
864
494
830
20024
1813
1745
3490
1538
12708
6339
720
12288
3211
7494
39
806
3571
355
307
430
3184
2605
2046
7836
1377
3487
3394
6718
112
19274
2336
9968
1616
1207
18300
11218
1444
1794
1087
3523
20746
13277
2980
4138
5214
6323
5783
910
2863
2729
371
110
1142
248
5488
661
6549
1782
430
6969
7182
1251
1368
29276
1677
4058
5281
6280
769
1376
6469
813
4286
10377
2346
5984
657
1630
216
70
1785
2703
8799
20660
4001
4817
1182
1607
5065
1773
2531
419
235
783
65
3271
1526
15863
624
477
615
85
9248
1370
2168
6223
1467
6371
19325
1320
101
4078
34
6702
2788
335
19826
7110
32775
2823
3491
126
12268
7984
1584
9681
292
1152
4011
11345
540
1847
1852
1852
14114
11982
2577
3510
473
4002
585
2529
3623
501
12869
3428
1074
8
382
6888
531
1035
1649
157
3631
2100
531
3063
596
2884
5291
1205
2986
18181
5614
602
4376
254
11259
2130
2181
2646
10078
358
256
88
231
226
329
896
14071
2390
10154
19472
966
3949
1054
85
3033
61
652
6463
3704
15553
1693
1527
8700
4512
7435
211
77
2078
22942
3870
1529
818
655
3920
9400
11
554
3224
515
1493
1840
1419
350
628
4616
1225
514
190
484
2789
125
4346
1622
279
5397
503
3397
5751
18
624
687
1500
7181
764
184
3663
15959
5143
6168
362
4831
202
211
2703
2063
3896
367
51
838
3630
1868
159
2051
556
65
164
1176
6307
657
667
158
6014
4415
4699
2703
2310
21214
8376
715
726
9333
1814
1086
3516
1028
1028
1295
475
150
34
20805
24
1566
10369
1909
1254
121
4937
23578
62
1214
3592
3970
635
111
826
127
1385
1706
1500
350
5958
1535
556
1181
1646
571
1560
18
1004
209
216
292
337
3842
1341
62
2918
3240
2437
2473
1901
4689
1046
840
4932
30
11324
6094
3010
1042
1117
2903
34
5321
1483
1885
3424
1361
339
1188
1683
1049
3263
356
1701
1127
798
1008
2645
1353
804
889
1978
2959
24
129
162
688
1698
4310
279
3160
3
1194
1387
14
4858
1847
4421
6554
11361
315
342
7466
43
2471
593
1833
1051
475
3022
1604
1252
371
64
5422
1220
1806
3617
480
676
1643
256
104
317
55
289
191
1041
522
2627
3230
472
505
1029
3149
1409
56
596
6772
1762
7246
1241
173
63
3929
11408
1301
728
429
8561
130
616
363
3680
2731
3720
159
2378
2399
906
674
845
5428
2499
2885
2491
55
128
6160
3831
6543
131
542
1857
1250
751
2169
45110
5096
1985
356
747
289
317
269
360
748
734
326
816
564
131
5191
277
4940
3469
19
2664
3289
1922
742
1021
299
244
2305
16274
13804
4202
1102
3414
52
3624
4705
1209
238
12376
304
1081
1748
757
4731
92
3459
2105
144
4149
4177
379
2172
25
9083
8179
11618
2654
2305
4511
4592
3076
297
385
1663
1905
4471
184
682
104
1512
1150
1799
1080
3577
3359
1423
2035
617
1111
15441
2780
2861
3877
8
27817
6806
152
3486
6489
7301
5337
367
1595
4833
3120
230
514
906
23826
53
290
1689
8370
6144
5020
6747
1511
4393
6787
615
4281
5478
4183
7650
7417
6774
11722
2154
2161
830
9606
632
3774
628
1428
2201
303
650
251
3354
2888
839
1381
247
1444
92
2611
575
444
17
608
73
2597
2070
2250
6339
201
14
242
1650
1062
564
11568
21122
7909
2332
8371
12769
980
1081
2236
2264
601
1500
659
372
5382
975
4647
71
9761
7318
4505
11576
1243
439
4694
3024
2852
747
6282
682
729
1777
2733
8092
2375
3607
187
2393
2148
652
10288
4373
553
4268
6143
26319
400
1400
3865
812
5815
285
3555
2
1036
397
15546
2904
3234
4678
3090
1689
16
2017
1869
29
2923
7917
15497
2093
4777
2422
2053
808
15562
1981
1284
2343
5090
6253
32
4355
3796
1887
1775
4664
13
3210
25974
11089
3231
742
4839
4202
1602
691
1329
139
1706
1118
2438
97
12663
171
12885
5783
79
15478
4054
3571
672
31
18
3310
381
3955
2119
909
7098
770
4755
2409
578
446
1722
2916
762
1997
6436
34238
12477
1801
202
245
4073
2504
1776
3456
3742
73
4271
181
1907
1576
1847
35
3644
2039
8504
5816
11998
18054
399
1778
910
1089
1751
5927
6753
205
4982
3298
1737
1893
688
2869
131
5349
619
684
952
2250
926
493
461
4770
5756
5850
453
3082
55100
18
16
298
499
454
153
541
84
575
348
581
822
6264
1802
6487
3911
132
827
16901
33
10486
3266
4225
2029
2122
4990
7337
569
10153
738
3272
3169
24403
2868
7919
19274
451
309
1787
16257
13183
7
4635
7412
12944
5446
9856
1370
139
4758
1061
4259
915
2748
788
10168
707
5191
1383
112
1817
4269
3460
1701
3453
1945
1944
1802
1587
4442
4507
23647
5217
336
64
5641
9081
11331
823
508
4061
513
701
673
3527
1083
4476
14591
28456
12
727
74
123
4819
4387
4902
3400
6382
1624
5010
93
6463
1000
961
6839
12084
