572
1246
781
22383
1030
2326
1704
354
261
379
446
389
357
1701
159
477
365
2086
206
315
324
25
332
298
3768
1336
29
594
1452
120
433
2321
29
347
295
1781
177
224
517
1005
251
329
216
834
1005
647
413
452
390
1234
621
68
140
11
2013
65
106
711
679
396
53
762
753
517
480
167
468
236
46
200
595
404
432
2438
6887
222
336
126
2272
491
12169
5034
9564
4490
3126
5263
339
1560
2592
3247
1336
3834
1109
1909
40
460
258
689
1919
1744
2410
206
8
2060
357
1084
1844
2898
2122
3650
1660
4388
2007
22446
14094
8330
1094
2068
1403
931
3872
2363
15
4154
2998
786
824
740
1261
613
1495
1065
18
7525
3033
493
698
57
13
76
366
398
509
5489
5308
1308
21564
2193
832
699
2930
2560
780
1464
754
1680
247
2410
332
3307
4566
1903
154
1689
2112
773
387
339
476
54
582
2340
770
1129
602
256
1008
730
196
274
794
236
608
2495
1456
369
2950
666
202
639
2032
3659
1130
283
4974
1052
3661
784
96
749
10997
5543
4684
404
1229
1766
288
90
841
956
3049
4025
1310
846
2053
2558
35
685
1338
262
13
566
1217
17
1037
1336
372
393
197
93
218
85
151
176
1243
73
577
1859
206
20
585
544
687
522
101
12
117
29
20
225
15
3052
410
685
1589
1
862
534
291
18
922
2013
2082
854
677
4530
1420
17
7378
1430
37
11241
7517
393
1245
2958
1464
54
838
2570
75
11355
72
3900
791
177
230
139
2678
730
55
291
2463
2032
46
1920
266
55
1061
1266
12
1280
192
47
69
150
274
11
191
883
913
3360
187
770
612
1275
386
318
345
1239
1218
13229
3426
6625
1762
7929
2463
992
1098
590
1317
138
342
361
1967
1106
7631
150
486
1230
1595
1006
550
909
1000
883
353
894
92
7
1460
567
42
564
79
553
503
1124
1495
253
795
145
101
3592
1419
971
55
382
1145
210
953
17
256
1679
595
1712
564
732
300
2827
4669
8046
12001
2608
7810
1894
202
1028
1734
97
246
23
717
1291
19
545
46
354
84
81
349
725
100
656
1982
890
356
2722
1807
2446
982
6
1972
130
217
903
1075
412
731
475
202
1197
28
577
66
1846
893
394
491
1079
698
3
27
566
503
315
532
618
1136
1405
196
196
15
74
213
357
639
1556
1169
162
354
705
3308
2639
581
649
760
516
3996
356
321
42
1327
1610
10853
6163
9745
2052
1551
3477
1465
517
1937
1147
197
1764
1774
1010
1739
633
64
548
2215
226
523
333
1320
944
1638
346
102
1853
229
749
741
1331
3276
603
1030
2130
5795
2680
103
463
250
595
126
69
379
89
1220
1868
2480
635
3967
1226
1244
5084
10897
11162
5147
206
275
2794
6271
661
2033
496
1368
669
74
2572
1814
334
29
420
64
161
35
877
3887
690
2570
1048
366
1680
2160
1143
5655
1699
12
0
327
675
8390
1995
3798
13965
3695
1977
517
250
572
1085
1077
1476
15
91
2
163
66
266
519
389
626
153
113
910
287
3219
781
808
2587
947
2191
2924
550
1807
202
3942
1263
1651
689
222
405
376
68
747
598
3685
2781
2063
314
2093
139
616
763
72
1321
36
544
1371
58
49
2754
9870
258
203
3485
2288
15355
351
3447
3269
614
1110
217
905
3828
4620
4164
3194
2502
547
1594
1050
4396
1060
2394
1135
246
383
142
87
513
1279
2383
970
1782
2754
3100
14
1264
47
9673
1899
6216
5950
8148
4200
228
691
687
376
80
577
349
282
622
140
743
729
260
2251
270
458
1926
659
1163
773
2927
68
1167
963
4770
71
2413
953
213
59
464
295
316
28
1182
572
1797
372
147
205
383
497
28
620
172
1456
1649
2489
1623
1240
556
1680
608
275
667
2132
2735
693
964
8826
44
2898
400
9981
8297
949
1480
163
418
1211
377
159
332
233
142
341
500
82
2922
2550
3015
1289
3231
2005
896
547
375
422
354
1017
220
633
500
1899
315
494
1057
775
714
485
2417
31
979
130
1454
135
906
423
299
91
21
30
38
52
21
372
785
244
1436
942
874
1937
303
369
1069
571
1595
375
439
1259
3503
75
1176
1653
109
224
3915
1986
2298
5771
17989
841
542
316
42
70
664
442
234
526
13
154
1041
974
2768
1242
738
1409
669
129
109
27
2618
598
1550
466
483
213
993
718
743
606
815
345
588
307
335
268
17
760
253
928
324
2324
360
575
678
22
144
99
69
54
79
778
774
52
5
1361
41
1133
187
1688
808
636
1604
1299
2162
149
6117
2442
2916
2766
790
26962
3950
1255
1903
2443
1435
3608
867
891
1052
111
267
3457
661
961
2075
1813
848
1355
971
537
2406
646
693
39
1181
1294
5999
146
33
398
1541
1737
51004
1576
253
1659
507
1424
640
969
4003
3164
99
2343
2091
1717
1327
4649
1656
53
30
2441
715
1627
842
588
3352
8981
939
57
550
108
571
16715
6264
3191
176
639
860
992
284
43
578
49
278
863
362
272
158
943
5789
1353
3164
1752
388
332
1684
4846
14
993
2242
788
166
167
314
743
758
698
130
184
802
177
655
383
44
119
147
142
195
75
1835
871
1003
293
1312
20
920
755
430
600
191
277
49
59
1479
1274
6572
4307
651
1433
152
22262
1951
3371
1990
353
2839
1945
1852
420
1905
3194
368
21
586
175
2041
836
326
744
132
532
1294
2
394
2532
32
1400
220
1414
284
682
12
52
425
738
61
449
320
476
386
1023
1
339
139
293
771
1088
1841
354
102
1823
999
12
5174
379
1075
66
840
374
1106
1112
146
331
1130
2103
6677
734
654
4597
14254
2196
5787
1123
1363
880
1487
1549
65
46
62
419
1638
1412
204
1053
857
1261
326
611
312
1897
321
2363
3176
2614
548
7307
201
1519
877
41
863
4896
264
2275
672
6812
7736
17688
2319
1343
609
1617
651
280
320
318
124
541
702
105
57
426
387
499
716
1769
2784
895
956
1480
272
1139
2219
2326
1121
290
224
250
444
286
500
325
759
1301
20
6
1435
2333
119
519
37
610
443
1084
663
94
814
1289
669
16
675
241
503
144
39
3524
677
647
143
616
187
2448
257
516
220
1176
1181
1222
335
2620
6060
14459
8118
2197
2235
601
801
30
432
1257
206
98
499
590
989
714
390
1304
3655
3043
1288
3440
403
417
363
1468
678
177
154
353
731
661
159
1477
109
264
88
241
162
253
91
260
47
1012
700
725
172
22
166
1272
597
16
3
107
130
1309
381
416
67
396
91
476
232
507
463
1517
445
794
367
2304
501
75
70
1329
1002
2864
129
1190
3350
1474
571
1006
1638
2348
197
761
349
4900
202
53
2679
175
5025
16610
934
875
540
41
3035
984
1555
916
160
540
353
339
44
480
123
26
41
3303
140
1398
595
423
9
1094
1041
535
325
487
893
181
1682
2248
1408
373
538
4146
558
476
1540
569
2042
2277
537
2606
254
238
1730
894
554
1668
381
213
91
114
101
2280
2115
231
1481
562
110
10037
4642
1
9855
829
3535
2052
1611
6043
605
2875
633
14
714
1059
3478
15
426
2668
348
2561
384
1019
2736
34
89
417
1131
3575
1524
73
4323
882
1321
1701
148
2607
111
2971
4385
2961
170
1
216
1939
222
5267
3796
37
19
6733
4773
6
259
315
2177
255
1125
504
69
273
51
594
1193
1764
207
3327
1458
399
1663
3938
770
545
354
4359
393
287
311
17
73
311
63
120
615
1001
65
328
55
46
229
1410
1440
801
677
124
160
448
2348
393
12
251
169
190
45
642
426
83
9
282
4
775
281
644
414
1206
1169
604
1960
312
11
214
2166
508
155
104
234
1030
1269
23
3737
3266
1517
1105
160
104
1996
13332
11674
387
729
1395
171
482
190
55
1211
139
542
153
3088
4761
4
2027
265
1368
962
1931
581
1107
267
1856
114
219
115
343
48
132
495
2240
187
1747
3658
340
379
15
1434
165
498
825
994
546
717
521
85
558
27
138
236
2558
75
595
163
80
1757
1732
2589
404
3250
2077
5236
751
20852
1374
1371
2542
202
831
156
158
482
730
729
897
284
76
869
100
5839
544
569
5834
92
3203
445
276
385
208
36
140
1709
1185
21
220
37
366
105
221
193
864
57
1227
2164
183
400
794
572
501
258
535
929
732
98
515
402
504
2173
311
174
159
1396
368
1318
63
582
684
77
1336
362
947
2970
526
2786
23
33
912
2329
145
1165
534
113
21863
562
2537
260
130
649
1318
565
186
741
618
696
348
110
739
324
22
47
7
185
4203
973
889
519
924
230
354
2787
2361
728
1609
157
1726
440
713
2001
916
366
59
275
699
409
1118
798
71
3776
586
98
152
1777
368
419
241
60
156
157
2017
1490
469
38
528
589
1393
166
60
870
426
643
953
1689
2032
94
1032
1572
3467
372
489
14856
6955
1043
2149
3722
1634
2284
1843
666
2588
4270
22
782
549
962
1475
1792
357
269
87
1921
52
991
2479
173
387
213
539
61
231
378
450
304
450
718
618
296
238
104
345
383
1174
157
182
45
121
603
60
245
192
224
243
558
747
15
5
326
67
104
706
278
124
289
3258
1056
683
1295
537
2095
701
282
270
14
291
694
318
1558
2111
281
246
805
821
2399
2312
132
27095
3116
5
591
311
631
774
462
31
220
16
1840
172
167
398
6170
58
1887
238
106
227
12
1265
775
945
576
837
525
976
177
523
1716
257
525
649
429
1474
2335
20
594
315
287
13
1770
1885
706
57
166
54
202
471
2390
856
2593
1474
2081
1570
5740
2537
263
12
1401
194
1581
7
4926
1171
1224
76
4076
3065
15679
2579
26
3727
136
14
426
1778
676
419
6937
312
1144
1501
375
295
755
126
159
1035
32
907
1261
30
285
1472
16
2515
1034
600
259
140
105
57
99
837
1945
1082
4
991
17
1554
317
368
1014
186
996
4118
2900
3373
470
839
567
83
647
2028
140
1438
19907
598
263
1245
1607
596
378
390
494
1814
78
275
99
362
276
526
207
2803
2873
2047
1901
791
1872
638
349
65
181
419
531
869
357
446
1398
619
583
2158
120
19
179
1436
484
361
243
990
137
923
63
426
830
789
180
797
2
276
442
343
226
1536
325
238
149
720
924
1303
85
1173
125
1115
3
741
1333
406
100
7967
3759
1742
1317
4155
664
66
219
18039
232
382
2907
1888
2016
388
530
5616
634
1448
90
1195
39
407
2273
2459
295
1326
1958
918
44
1089
117
270
539
1438
100
1317
16
1173
929
1576
584
379
206
567
503
209
311
1098
581
257
271
246
1311
379
1094
1543
577
275
98
912
296
1775
114
635
4
1633
13
737
1967
1278
2352
4211
384
2495
14138
3055
1262
2883
3648
705
246
1212
1477
1608
585
5821
1153
1336
1935
611
1069
688
1513
761
2053
1996
35
734
73
525
130
993
1008
383
242
103
404
982
281
540
707
241
167
114
554
115
91
857
381
93
756
3277
6449
7680
6816
5375
15518
2843
631
1242
139
999
242
451
108
734
589
150
948
287
296
6731
99
121
218
1621
783
107
340
864
259
1040
257
76
563
227
414
2155
2317
59
963
206
1599
78
615
485
531
371
511
622
38
374
2577
1605
670
884
150
293
57
113
173
359
79
310
588
455
631
88
890
1566
2395
800
1809
187
1329
1840
1161
334
5284
194
1415
181
9777
13506
2207
1646
391
1874
572
457
415
564
820
705
346
242
29
820
1338
1256
441
129
867
665
766
36
2055
2509
19
1906
113
384
3537
297
688
173
1223
108
5
523
934
322
221
424
161
44
1192
3893
10
1264
1306
230
3251
2531
2583
1303
184
5545
7863
1591
3989
3484
17300
7806
13719
1143
8393
3022
2188
3096
279
6192
788
55
4529
1236
404
2472
3317
4298
969
4802
5247
22164
360
2393
3889
526
1889
987
1194
358
1231
1780
420
2413
66
1010
298
304
1650
1847
711
1277
467
4341
1572
154
339
762
1307
1824
527
49
1508
45
342
2621
2148
175
2080
6935
2036
2262
3969
10406
702
1933
3420
7370
1139
972
18
3725
679
520
103
139
1106
2169
191
792
345
766
1529
148
819
695
82
459
5255
35
1071
653
404
777
533
3572
254
134
151
1574
4439
32
2354
2600
495
351
1141
1757
1352
2616
1556
222
1107
5246
871
3757
8342
7122
3376
310
1060
2594
1954
765
975
4208
2970
458
2894
852
780
468
1210
862
860
1074
2002
693
482
1070
765
75
893
1173
170
2069
420
1575
104
97
79
97
139
435
95
122
141
622
19
753
445
33
292
70
33
424
1871
249
1982
332
1820
806
318
2899
347
719
1550
1560
2322
5047
18868
3330
2986
419
1705
738
85
152
87
46
701
275
589
1557
174
270
256
75
273
2206
606
1713
1606
100
319
64
2257
265
629
103
2292
152
1367
102
2057
1167
480
272
47
2794
573
340
1757
52
1681
48
1910
734
160
137
8
711
345
866
413
553
351
361
106
1000
182
56
55
418
566
1662
385
179
100
1121
184
2024
76
1021
405
844
13
973
2927
280
22
760
5126
825
1722
338
21599
377
1733
545
720
1611
110
1108
1344
454
162
6716
43
162
2343
500
8
1521
128
209
70
97
24
57
270
26
405
1048
1352
801
1213
1056
72
770
384
719
533
139
41
1450
29
562
237
673
2216
795
139
198
341
437
650
55
662
258
314
125
56
320
392
10
163
231
39
304
368
386
549
595
251
154
101
1206
402
984
34
301
29
16
146
953
114
162
1167
2945
177
2424
10
1555
1108
621
2462
658
890
2233
23685
1814
1021
73
1971
269
704
1476
65
110
626
999
236
277
39
1730
560
716
1396
193
496
1711
1784
48
1022
1617
60
134
742
791
917
19
1355
259
1860
194
55
155
1626
330
349
31
728
916
1274
91
163
53
162
62
867
76
301
391
672
353
37
1603
1237
356
80
131
202
454
519
103
464
265
598
1432
4650
1790
627
42
2565
1572
2065
5076
26536
2474
3522
749
1585
3365
2176
1000
398
1625
741
2578
328
2774
133
102
3441
360
1186
563
223
138
46
647
717
26
560
21
1557
133
826
267
745
503
7706
75
77
9729
1382
1476
4635
200
576
3837
5535
10662
10894
2119
3971
744
75
4911
3707
944
1212
2729
281
549
1615
228
457
799
467
2006
1409
18
1362
98
43
121
160
246
438
722
1673
1887
899
1905
1550
11
773
883
1307
781
830
7331
5653
3158
750
15437
818
1758
947
343
755
3198
542
2864
392
1311
1505
164
1415
103
3499
2474
2944
67
867
819
3388
1668
83
983
1098
1586
159
831
623
57346
505
82
4724
1038
291
442
3259
3116
257
1347
631
1830
2293
149
1564
357
1936
405
609
1058
1793
46
530
906
1240
340
1077
286
405
270
1693
943
730
1667
303
224
1755
160
941
1060
1511
113
7914
6
9357
15808
3103
544
2819
3376
1162
31
2480
2665
252
668
3034
2641
3260
1853
184
714
1086
71
228
187
2416
1628
5674
3789
1177
120
137
559
202
330
732
343
1751
681
46
1039
501
1258
2482
4623
12659
24353
20782
2612
2071
3738
292
48
1332
405
262
396
275
89
411
312
1502
670
298
19
1245
397
985
64
508
1921
567
2351
602
193
6781
1037
4
2848
3308
1413
15093
184
6764
778
3363
86
1608
309
2958
3452
6642
117
128
1797
859
877
54
986
436
1274
708
210
2757
946
219
955
515
184
120
1534
3348
422
902
427
1122
4702
28
446
1085
4664
1994
14
704
510
4179
2795
1563
1653
1398
14194
12722
881
1087
2531
1319
2080
1659
148
2823
1896
85
2976
578
4179
3573
1189
970
1011
92
258
1391
689
9
2929
1448
5329
3795
997
369
5156
1270
64
108
60610
307
1210
1473
23
922
141
791
1425
590
1479
15077
815
1997
3375
21848
1862
3698
1512
390
546
184
1478
947
1927
1156
806
3518
666
75
517
1206
749
176
1563
416
500
1936
1427
511
291
1439
755
1666
769
1992
457
162
195
18
47
968
180
123
206
1312
24
269
693
358
3069
3146
495
1236
277
675
1147
2819
7923
325
4225
5937
19820
1218
1079
132
225
1304
2433
808
6297
1708
35
1339
169
34
999
44
2477
302
38
824
2062
47
1461
31
1488
828
62
3022
68
1058
243
1774
50
163
547
200
1350
385
137
75
174
3470
143
1247
270
25
675
2235
25
10
430
399
11532
23910
639
5022
672
1668
10742
580
426
4799
12987
695
2935
619
931
49511
5218
6457
5958
3857
214
20
369
644
1066
1277
305
4908
1122
767
1491
144
671
63
1440
132
84
729
1740
944
3479
1269
433
2577
441
9421
547
3499
19606
11728
1781
479
877
8664
4260
582
1529
637
368
421
1953
1
503
1658
583
2866
1633
727
1363
422
1902
2988
1452
281
12
574
31
2570
8182
4672
11264
3740
15592
7774
3081
570
17
450
3950
8670
6658
2873
1292
3019
12979
1212
4108
25321
10992
2503
1637
823
601
556
2196
2436
212
13
3442
723
822
333
1303
1557
101
378
364
1361
800
175
4072
3273
1311
187
296
2025
82
62
549
4
2464
1252
534
2487
520
2261
434
685
300
2691
727
4221
3897
14917
432
3799
360
398
2386
198
2893
885
169
1924
2231
3534
1227
2486
221
1255
785
1757
626
595
576
2856
1418
2872
1967
146
810
208
257
496
44
231
553
1934
682
1191
375
8
1719
21
677
180
605
603
896
3535
715
585
2435
2780
238
2862
22226
2999
565
787
2111
713
1029
215
656
2625
4072
3118
1643
897
103
1861
1207
167
1146
342
3551
178
5817
844
775
174
665
876
304
340
27
538
958
83
1701
1966
788
1195
874
249
2306
2930
8
11431
23325
1977
674
676
133
378
642
1325
1154
193
313
62
2262
719
1385
381
119
228
363
3000
18
2790
183
458
340
458
367
1042
180
91
130
616
1255
1229
16
1256
4228
126
167
315
1151
2001
109
1648
428
717
812
1129
573
23
46
476
32
886
272
198
16
843
1896
298
3676
160
779
718
548
862
24
42
1040
1781
6138
14853
7571
7531
1284
593
159
3482
2796
1280
1263
4390
89
140
516
748
1557
768
96
431
284
577
91
885
144
259
906
1181
1186
2697
3709
557
467
34
1403
156
601
785
1311
412
41
34
2871
21
829
941
1842
878
165
1070
6870
2499
23554
69
6071
869
126
1365
670
166
499
829
2220
669
1663
676
304
48
2778
768
287
1265
69
1908
173
35
724
749
1669
1063
622
1911
104
1212
289
350
137
14
1450
6
533
1570
1771
3545
65
716
18
2156
948
457
385
2711
1602
1633
1652
1612
2058
880
586
8
2437
70
4070
933
537
28
308
11852
17173
2687
1448
667
576
2651
923
619
940
1184
126
841
16
1801
121
85
1107
209
226
30
2333
1670
47
230
1813
285
2234
577
1866
722
437
1388
1720
1004
692
3847
1307
109
144
2476
1258
1074
15
2377
93
479
6272
2765
5040
23326
2137
1530
3600
28
1091
1008
123
25
66
1353
1290
694
816
582
291
461
1134
779
4714
68
772
1716
682
168
27
5778
848
1515
1228
197
533
390
1351
2430
359
2862
956
1374
1609
2144
7046
22911
260
33
4085
1955
2389
748
852
62
983
5
448
321
508
130
2469
585
39
143
373
692
982
706
363
4352
298
386
20
208
102
617
2026
417
381
137
952
103
800
940
647
449
674
1507
1132
400
571
602
1137
145
391
70
59
765
807
171
124
82
513
1807
110
329
723
372
39
144
937
527
411
64
393
322
426
356
396
160
785
69
65
1028
434
616
469
985
149
921
687
1653
484
833
11
3823
317
7861
4839
11804
4212
131
2951
239
150
123
483
228
1058
405
62
26
174
135
261
25
235
876
15
357
622
517
263
505
5378
917
360
1924
1515
1145
511
859
18
345
329
94
14
3184
125
292
92
219
468
66
1779
203
212
239
670
1258
559
1106
388
1075
225
1717
1338
233
1070
482
1283
48
44
434
683
15
91
129
911
224
3962
149
1835
196
71
9
12
2339
758
240
970
144
3069
529
2719
7862
17414
1842
741
824
515
616
281
528
392
15
271
1426
4601
1332
941
613
559
248
1108
1010
516
272
1164
1905
1313
160
336
466
224
4
178
82
2535
354
261
58
2243
667
55
985
410
80
74
1873
767
374
935
386
3383
75
11
402
4277
1020
11482
106
14604
1852
8719
161
2818
508
517
3036
827
39
750
665
370
2145
838
1149
104
2410
2841
576
436
1023
579
539
355
121
361
1164
580
186
268
40
487
369
473
619
742
773
18
55
719
368
410
1006
737
1409
17
881
1262
170
115
530
1027
465
410
199
909
282
58
173
449
921
214
160
343
1180
137
1651
684
194
1804
350
2195
117
66
1630
1127
509
1370
2793
2428
6259
3370
16487
186
1708
1829
1579
1791
426
241
2340
69
2042
563
1167
2790
1214
582
1060
188
3112
778
704
1140
1467
1848
686
795
503
767
107
560
283
155
361
308
130
242
661
491
49
630
154
2714
200
351
271
487
2243
560
135
159
98
341
376
567
1606
261
156
274
63
18
1319
74
555
134
1186
1189
3616
1748
6380
4370
1369
16364
2122
1151
2741
953
2428
770
8375
4657
990
955
561
49
352
678
1859
434
916
1701
422
10
46
1118
832
1128
553
370
424
973
1012
9285
852
1834
675
529
1136
3284
549
27
917
1432
1214
367
1179
1576
598
315
3699
12327
6218
9970
109
2087
3749
3979
3436
498
184
209
462
368
63
1109
1995
55
381
7727
6203
4166
547
1884
413
32
3427
49
1461
1867
210
2520
147
884
762
11097
2215
11610
1838
302
2297
312
1340
454
1670
383
178
28
1036
2544
3178
2533
1436
259
1323
3006
290
308
139
300
1040
1409
1187
97
64
1110
32
442
2783
352
785
1024
29
120
68
194
387
43
756
877
1018
150
739
279
333
211
1340
44
843
848
235
595
851
15
89
125
1959
143
156
1081
808
3074
49
645
55
89
2743
1141
789
64
835
237
1351
537
29410
1091
65
755
378
1005
210
1091
64
968
2691
63
844
2796
530
1135
382
1685
74
221
15
74
1383
754
405
465
2328
618
662
1222
205
2140
1147
61
507
223
986
68
176
245
1926
1198
111
258
1318
1424
817
54
169
53
939
102
187
28
587
1033
267
223
462
709
525
249
61
1702
20
553
66
475
254
365
1860
493
200
236
19
308
108
496
4166
159
5131
268
36
1551
511
1283
13714
5091
3012
863
2895
2130
29
403
188
190
12
79
189
53
146
47
400
489
481
324
396
56
216
52
554
1504
862
986
1033
915
1581
36
442
766
318
1653
4
55
486
1205
709
14
991
1066
170
1202
33
30
53
89
97
1227
413
321
452
165
728
44
890
231
575
257
120
297
140
952
585
299
352
453
132
1374
943
603
1148
3
481
67
758
45
215
150
101
131
397
809
743
590
518
930
595
605
190
103
347
979
695
327
138
755
399
648
18
508
1228
231
110
197
952
3014
4656
14059
690
10803
1126
836
112
1477
733
253
344
353
69
219
400
202
1802
59
299
563
1884
2977
1552
11
145
2717
1442
318
248
282
440
650
131
537
502
161
1287
55
648
27
36
45
2427
1489
2016
522
1302
1030
2
731
582
48
319
21
975
153
187
766
2109
35
644
747
148
53
301
153
30
326
216
38
39
374
139
46
419
1042
473
785
266
22
61
44777
1342
511
775
972
3088
1789
2852
1385
552
596
1258
43
329
639
87
22
106
604
347
205
16
87
133
33
632
289
40
107
394
182
200
25
20
323
9
914
1223
2499
1502
266
32
1343
463
391
267
109
505
207
366
151
446
12
49
447
325
19
92
506
751
50
450
503
93
71
585
88
425
208
108
69
33
161
65
7
5
14
116
79
16
3465
462
281
150
66
11
1051
2364
172
446
664
1089
145
339
130
1862
669
3348
1144
38183
716
309
1098
2418
1984
413
490
425
1096
467
327
664
665
516
1592
1564
1777
768
234
935
694
77
42
536
846
593
104
536
758
765
3374
8673
121
4217
342
6492
516
4063
10456
10929
8747
4437
352
3207
988
932
211
1039
3753
147
217
2695
1662
925
4475
820
2104
193
498
324
1181
1591
2469
494
1160
22
2773
666
4668
3000
6243
63
2917
1873
11375
2976
5315
5967
4211
5883
1005
1354
3235
3706
394
1355
669
183
1408
1717
4972
527
1625
100
383
941
1322
645
1379
71
1122
547
3937
3876
946
3070
1540
502
1159
1085
320
19
938
29475
2898
1109
361
48
41
53
190
663
415
2599
3015
181
2127
438
129
693
1363
1556
275
367
1535
511
774
913
1912
309
368
17
360
332
114
434
51
217
1974
667
314
14
468
49
683
2550
931
206
230
830
164
12
13
12
991
247
159
398
82
302
1203
603
798
121
755
1601
569
931
339
64
910
233
404
229
379
147
273
120
2551
256
486
1755
3715
2749
3056
23419
328
932
483
855
408
1130
164
469
261
95
116
4
8
68
76
1502
31
1091
1323
1928
2144
1712
289
513
305
1810
475
535
37
1627
180
1313
84
378
461
12
660
477
253
49
327
208
341
1374
134
148
43
699
85
352
289
494
711
413
236
13
77
675
1678
1850
163
748
163
937
56
597
109
19
231
712
369
83
56
13
19
36
384
422
16
70
292
73
245
649
1145
47
169
105
662
183
3444
472
837
27
204
678
36
1198
173
73
1793
13
898
1533
4509
1294
1428
49
782
826
19497
2371
1547
218
629
1901
72
482
437
680
804
3429
1124
2078
425
923
211
616
691
19
2441
243
2788
64
409
1175
62
88
891
77
30
599
63
114
2004
75
169
2211
506
3386
2406
620
609
317
120
250
83
204
277
536
654
474
103
464
784
8
39
227
50
426
688
104
149
4712
239
447
482
574
15
629
519
1498
49
2238
543
2352
5094
161
549
52
116
760
18923
4728
1021
2390
3065
1793
2036
1973
321
2966
675
528
119
12
148
322
401
753
132
411
2505
135
309
338
22
1828
1562
1956
609
18
1787
5
9
27
1438
205
102
769
219
24
1499
1918
290
459
286
191
402
8
38
108
253
176
296
970
8
366
1403
1107
143
138
552
277
729
1392
1203
945
1779
256
874
1953
1043
674
39553
219
249
521
587
4877
1670
193
1480
412
442
612
31
900
1264
324
329
625
64
295
254
873
242
948
41
420
86
358
204
154
2802
444
398
1427
107
3266
423
273
4237
622
572
1447
96
273
371
259
2700
1108
928
3113
75
3352
591
448
3531
15771
11576
3210
2377
427
2398
1608
1369
205
574
1068
192
160
5627
581
1198
1170
1207
1107
2
1443
275
233
97
910
525
192
328
192
170
1666
2367
58
656
2833
1438
860
702
536
607
307
741
1054
883
1069
2237
82
1977
803
3141
5197
1405
185
160
7881
768
7142
9
6266
3615
505
587
2482
305
409
202
651
738
180
438
475
119
96
682
399
659
3782
1302
1075
1547
674
13
2913
72
438
774
159
282
218
2617
110
1200
228
2233
328
223
508
103
28
48
481
2222
507
399
184
623
480
789
115
172
663
22
426
314
135
5
721
1079
278
37
637
40
572
81
90
644
505
21
340
608
492
69
1459
1309
2559
436
282
15
132
57
185
371
970
2143
87
26
43
1898
1718
1335
399
3759
22248
2252
121
1605
633
19
265
821
124
478
910
2957
2305
1357
78
522
1892
1317
273
1485
625
2143
72
550
203
263
312
164
934
314
520
37
306
235
449
1107
515
420
388
19
1772
192
412
374
680
307
637
202
392
417
312
844
279
81
166
105
47
312
67
407
772
330
611
70
224
435
1053
40
242
330
107
712
440
925
788
115
190
219
263
40
1133
1886
269
787
1404
521
144
121
981
1374
573
73
8428
667
2068
18
1120
16854
297
2313
793
1666
2908
188
1593
670
494
137
318
78
807
2076
1380
870
1779
847
312
1470
791
334
650
2181
867
86
166
525
1085
170
371
115
273
361
348
914
169
2182
30
1008
421
77
339
420
133
28
934
191
149
17
1567
376
908
595
539
488
470
685
167
167
893
193
1266
195
296
541
909
280
1312
903
1106
102
191
377
64
621
1499
114
4
2937
1964
3262
1156
3491
127
13
1723
19206
4842
285
302
6
2507
210
39
665
27
98
1585
221
557
1053
42
974
125
63
1124
108
1177
1886
934
1013
140
96
1391
772
169
1052
1097
122
243
678
192
1084
265
325
402
495
947
1255
20
218
87
2862
1898
99
1
1266
1019
4375
1016
393
765
550
239
1586
1349
531
1547
289
253
319
26
81
1562
581
3499
482
3968
99
327
716
611
3009
30220
1009
748
616
406
3
850
1985
1341
686
1475
770
253
641
91
2468
2613
986
909
1540
297
9
1822
630
357
367
784
288
689
2666
301
16
681
19
1557
370
192
103
336
427
64
107
89
279
435
333
426
780
437
125
90
222
118
109
424
237
5
214
154
1093
26
596
147
545
437
582
1658
530
1559
323
2529
1889
662
450
