26380
5788
10
6268
2785
659
5988
8326
3359
6281
24720
19945
2671
830
2023
24225
108
1187
203
1946
8983
4480
16129
726
3246
29726
776
425
3198
27
1161
143
8546
7844
60
5204
23511
39482
11894
1178
921
1964
819
5906
50
1532
1078
225
2130
1855
2235
15106
2920
29
9534
16018
8611
5103
1879
208
216
599
2242
1324
5299
3280
7604
3014
1378
3157
297
1644
1818
333
125
29382
12197
836
116
6059
607
12161
1256
2471
4173
1117
2811
11716
3465
31665
317
3874
6373
6231
10357
1661
771
1705
1180
2432
558
4315
3963
9897
7410
383
4935
20425
2217
1335
6024
693
23785
4330
1845
142
1874
33
1211
3970
5459
3859
3777
13923
16703
2311
1703
2515
8885
4881
371
5557
5904
653
1938
205
74
1081
1039
574
463
6703
11541
10873
8757
9703
55
6644
5586
8737
5464
3397
13577
9355
8739
20597
0
21277
15315
454
632
147
10042
109
751
2460
9417
5708
19841
383
4002
374
706
1518
9600
1238
5011
3597
1771
948
3067
410
8170
1609
2005
1069
1115
2774
2538
3329
22971
9663
1497
4085
989
17378
966
118
1721
605
1875
134
262
1932
671
2213
1337
5772
3207
1548
2008
419
3352
2346
2452
1706
915
1388
457
56443
1059
4033
276
4302
1801
272
410
8367
3630
679
1004
2794
995
6467
309
16778
5758
8399
4438
622
7599
5012
616
8333
1722
4684
1073
2360
304
12460
809
9303
7626
7533
1598
4888
2108
747
1603
2187
943
6794
1021
1708
504
3407
2868
233
2959
278
4044
12513
395
3083
1550
222
7892
129
2000
8510
1990
8422
8661
4337
1894
16766
2008
3354
460
475
2231
1887
2756
14414
50815
26813
2055
3546
11592
2405
472
14219
2432
3779
4313
4842
9951
12921
334
1660
3179
19
3962
10544
22009
11459
958
10815
1433
7423
4491
6810
5230
725
3076
1696
3451
3822
363
7249
3087
25284
1020
1289
2863
2315
1
7233
3595
4340
1587
2704
5351
74
333
7366
1348
2362
6084
4831
79
11108
3376
12419
2221
4772
528
2442
203
635
327
2369
4049
3091
18
3064
85
757
1375
1647
520
3424
2585
1368
2105
152
85
1191
1223
784
2431
904
2793
1545
1223
2646
294
1334
835
208
1946
127
7283
115
1111
2664
13
1
20239
2783
734
7061
11954
300
1924
1411
5866
71
12446
3778
13829
1197
25530
1885
2187
4840
19175
1932
5984
16
2651
803
1487
8434
232
2011
6714
236
18185
21158
6
9
8949
1420
2417
1202
3883
8702
8748
2936
1726
6870
394
25719
3483
92
2840
5437
991
561
9346
3363
2404
578
1289
3321
3688
1997
914
1360
387
4761
503
264
1690
1821
2237
2917
1200
2997
25255
3928
1971
2188
2064
1096
1031
5807
119
5142
1974
3569
1745
7511
894
259
802
483
72
1241
1426
1119
556
52
541
708
2472
467
488
3044
1037
2096
5356
5146
20805
3083
4145
631
1019
2645
521
7446
6000
2002
1212
2328
996
1656
1112
2852
904
505
127
224
830
543
132
1519
1303
476
2407
2819
700
201
83
768
278
687
45
3682
3751
524
4750
1613
1840
8338
9093
7664
2639
11491
2334
1557
5591
3917
355
6967
3679
334
1402
1921
9227
59
799
9553
131
6446
134
15090
1681
2762
3582
2441
7048
2385
467
6236
2683
5114
1906
392
1472
425
1418
13343
13
759
1737
1193
434
211
113
2581
2708
26577
5188
3500
607
82
8479
7345
3074
600
2641
3102
4626
8775
42718
1413
35112
12074
22151
8204
1783
685
3976
1199
2801
46
81
87
2237
5422
10809
1171
1719
14836
12413
34
1068
16867
7590
5960
323
4569
2161
6398
314
4074
352
829
2335
2196
435
3311
939
1449
690
126
3386
7813
10
911
192
3171
7238
1122
19585
5639
841
4200
5108
2319
2522
1559
517
6875
3267
136
370
2849
343
4884
1348
266
71
4187
1766
3069
2103
2167
7812
292
4226
2176
60135
28
2320
188
106
2
100
3179
1139
390
2537
1897
1237
39
3792
3995
114
29181
401
3361
299
642
22477
7718
1581
4574
756
1137
448
3319
8833
104
242
33471
2509
8805
1249
262
225
13126
316
212
3386
2458
588
12794
1933
5330
1378
6708
4170
30143
143
1520
27
948
6293
1108
661
1508
4715
1677
8570
107
4466
1421
2960
13
2325
15105
121
23196
1578
2099
2141
643
2273
434
431
350
476
4680
94
1967
184
133
117
1075
4736
122
19
3702
89
1328
3066
1408
26
292
128
129
1989
1350
300
371
4494
627
3008
669
6347
7306
28
1813
22
15950
4212
1377
2905
2277
1411
9914
1181
2391
4696
349
447
725
318
3214
478
1537
438
7484
7868
191
1126
2920
138
171
4841
21199
4233
60
371
1138
684
701
388
7837
602
269
4665
1513
2506
2953
307
413
5931
186
3249
2544
260
56
23
1661
1647
2790
816
47
1468
1131
2428
6638
1405
6469
21025
973
2954
1073
22
4317
192
178
606
287
7286
639
521
11215
2214
1585
4687
3650
332
6421
1156
3457
583
375
1454
1053
158
4578
1604
207
3059
705
1357
18474
6930
1902
261
721
67
1618
2450
3822
710
265
6552
444
3327
225
1884
1421
1742
5340
48
1263
750
1700
3102
785
182
6047
1146
4386
5867
3953
6344
14170
496
450
2470
1987
6513
3417
1020
6408
553
309
1092
11269
8265
4
5212
600
1435
683
7047
1716
666
27786
4523
2211
11523
74
3429
4921
851
8744
3850
5669
1059
2681
1373
71
2446
1113
30
3781
18577
3461
423
2468
3421
5087
3180
1764
13150
839
768
199
790
41
2972
1321
3280
549
1815
2010
145
1372
1717
15
612
1651
4200
7412
4691
3297
14090
2086
938
3391
359
2203
723
14
658
44
1544
2265
87
3331
2882
3096
2271
493
5161
239
1100
1058
811
620
87
1786
1044
99
282
472
366
2696
2270
633
372
1124
190
146
347
3967
4190
3005
658
44
6525
809
16
28
4466
659
16548
1189
794
3221
8
618
324
3442
3809
2421
1147
747
341
2967
301
5495
1539
2449
313
2461
58
687
769
38
464
611
1094
184
559
809
231
378
136
661
66
1327
1512
124
507
1565
782
700
160
2136
1353
1526
436
1054
3682
1011
4455
2490
3473
2022
17302
2987
518
246
3264
685
1539
354
1591
7211
573
479
1158
1440
1317
5012
607
579
1303
607
1843
1176
4133
2891
1485
984
392
50
1383
535
412
962
393
198
4219
7950
461
758
1286
3389
42
19765
8490
2158
1038
862
3637
90
48
74
556
760
144
5408
728
856
2
3300
5134
283
1008
6303
2538
10309
23029
16204
4490
429
3276
942
2874
1886
3465
239
142
6453
1446
4407
1300
3404
375
42
3529
1976
226
1
45
34
164
814
4477
3537
688
1725
4069
1987
42
1272
552
2107
244
6866
3516
3222
10888
4537
2630
4210
913
4029
5465
2325
1621
2191
654
149
238
1601
1551
703
1993
50
5186
23
1437
2641
184
7510
31019
38
5
3013
236
97
1234
534
131
916
14
1099
418
646
490
742
4736
570
361
1020
1443
666
2722
4522
753
1687
317
66
1062
94
565
448
323
402
2330
554
27
125
514
93
1949
1100
2119
34
611
2458
15
1473
3261
2860
1682
283
427
412
2264
3468
41
21886
2551
2296
1305
1445
862
116
1253
4511
3671
1149
296
2309
1127
1632
412
351
4222
1193
1636
529
2325
1626
394
195
1445
944
1354
145
169
754
332
344
248
5260
333
831
1580
1528
855
161
33
2786
9443
4513
19543
375
1063
194
616
356
203
1458
29
119
104
646
149
429
1419
314
1079
439
564
3402
1966
1298
1024
1296
25
4186
650
897
1891
653
15
1228
1224
696
1011
1683
427
1219
232
300
1137
291
571
351
33
1754
975
1040
607
859
258
592
368
2411
1057
168
2159
20
153
2034
3138
467
3358
1464
267
2024
683
2331
1669
20460
1682
293
2053
1109
1103
272
1134
4405
1507
900
2281
395
529
989
433
2910
3341
46
340
320
333
161
973
349
1031
457
751
1225
101
3864
435
184
939
352
85
31
323
1442
208
537
304
161
98
579
500
465
26
13
77
332
36
19
92
622
383
59
630
122
578
1457
2526
277
227
406
523
226
536
1989
634
25
2037
435
56
8765
602
194
20281
1742
70
776
1679
2345
6541
606
800
737
813
714
1456
399
3886
2171
56
752
626
916
567
760
2443
347
1001
160
295
523
1321
3532
630
0
349
1098
6031
3053
2914
80
399
307
716
4898
1617
1661
15953
9720
3452
12242
8453
3419
1754
1417
1163
7630
2578
5356
8208
538
9076
50793
6553
5445
2506
8272
1748
6522
2434
21692
1095
9740
2565
634
666
2656
411
2843
818
2419
2246
403
283
1015
1469
2396
53
36
291
98
1448
39
87
1564
152
1521
280
398
608
921
5051
2724
2623
120
84
518
77
845
696
598
2991
585
1722
484
478
10296
3634
14940
3392
3956
3330
1757
2017
3782
191
525
631
33
675
6448
1250
1741
1116
417
605
1118
183
158
3703
196
204
6191
4645
267
1583
1538
7301
4528
21331
2444
66
1909
43
175
60
298
2197
258
143
287
1005
134
907
710
3807
1301
2687
1807
1125
346
2189
6592
767
4709
746
2311
579
3081
455
4269
9679
5157
28
4916
652
20858
67
110
2765
314
83
49
531
1962
293
2744
5553
4551
1602
193
752
1158
38
703
3631
232
1537
57
570
31
1040
47
988
167
596
3474
122
334
115
213
768
738
973
31
31
55
1501
544
277
2735
1013
85
1099
211
591
195
1984
2395
191
6518
3559
4861
17075
1882
157
339
78
586
1340
489
486
8634
2051
764
798
819
455
409
230
557
1844
3291
107
37
77
340
2210
2755
855
2445
1925
437
1657
603
1466
1650
252
434
1055
2622
20982
2206
1962
30664
2495
5601
4491
475
702
378
673
20
426
2315
2036
44
98
77
1523
2267
286
769
6918
448
2080
2953
1562
3062
325
2700
1622
9834
6198
10
73
9550
2939
1733
5606
2339
14215
4196
606
623
813
60
278
35
2775
740
3032
25
393
374
8180
1622
59
4151
510
1312
380
4
143
2924
1766
3
199
1739
991
21761
29
815
172
295
3478
1124
3725
6045
570
1630
1379
1455
959
19
208
463
219
5299
1101
82
492
22
159
802
371
365
178
555
74
899
60
37
765
1338
108
2
1173
364
5262
5600
71
154
1220
1953
2377
406
637
286
5985
1809
2041
19619
226
959
727
5307
242
1109
2121
840
2067
997
2277
1415
13142
1318
586
4115
2346
731
258
668
1815
2476
7453
3122
2281
1064
2960
1584
2435
5321
13978
1319
1718
1277
186
60
649
1516
1414
287
4236
3760
386
4982
3076
132
1755
1973
565
1028
1034
941
352
545
573
434
73
361
282
2429
594
1749
238
479
45
178
52
1237
228
748
1184
1105
1067
406
259
2979
366
2423
2310
2330
1070
863
1197
1796
1550
973
302
2932
327
18200
2716
1013
276
945
392
3018
539
59
1286
3474
2127
747
12152
1337
1148
2199
580
1078
4619
1279
3061
2194
5486
36705
3696
1284
1446
324
33
7037
963
781
1378
88
108
753
893
331
171
599
579
352
1925
1117
477
587
1813
369
3174
574
119
1078
516
30
771
186
643
521
616
24
8
171
866
20
362
639
257
1015
1490
1912
440
194
783
4186
1945
1830
34
43
2087
658
8
1979
2467
35
1225
584
7782
7341
46
9859
9859
6137
536
611
150
786
472
598
2381
64
1059
345
35
1414
3712
9
728
88
3969
107
5119
1433
993
148
1039
408
3276
3682
7394
3955
1725
27200
713
7078
2830
2575
599
2334
5811
1401
2495
5135
382
1970
354
1404
1004
326
3391
1396
78
1088
2847
735
169
229
1997
1359
6945
1944
307
926
886
689
9
1279
32
2536
18830
253
921
4376
1556
348
524
1959
5905
8080
409
1502
106
20
89
1101
97
398
108
410
385
768
1168
357
1830
378
1058
812
253
1889
193
1283
314
49
213
1829
1082
410
744
457
94
1126
1009
1661
1493
1936
87
90
2400
401
7317
781
2467
1985
18842
961
90
220
1215
1879
1633
885
155
120
1005
8899
874
102
839
1056
465
592
1504
2467
526
2117
38
476
1045
5
877
587
710
94
326
9
699
453
868
317
1367
204
2199
1174
298
280
240
1023
281
73
1832
595
744
1021
1559
3307
502
1919
6150
196
2398
3467
20838
2392
357
740
2415
8
456
113
230
248
79
11
198
117
251
134
418
339
902
956
997
4698
999
659
347
3376
696
373
1198
130
2812
731
1074
1631
3372
1407
2082
1818
924
112
439
228
45
23
141
208
838
993
2498
269
3592
1608
7351
2577
7
4249
1036
94
5245
15564
1746
980
1217
1591
821
649
368
10078
4297
1330
840
427
46
173
1199
336
495
208
4425
149
852
24
1192
468
1118
227
661
2093
254
97
252
1145
499
3030
61
923
1404
286
59
1243
4295
3929
4131
92
1221
531
2344
1327
2363
14521
5285
646
661
1187
659
1290
948
7540
3203
582
1257
129
411
723
1413
1585
272
1044
2162
346
501
304
1131
272
121
355
2366
11
1162
283
92
61
663
1271
912
897
260
29
674
377
378
26
543
181
570
471
314
318
1960
307
477
615
630
750
17975
146
27031
6162
4641
1986
3008
347
38
286
3425
2589
191
1387
1959
543
54
27
1297
1307
94
158
65
121
195
573
1352
36
248
337
2677
1760
6392
470
1557
1931
12391
15
507
3856
6851
15975
81
11649
3875
1816
3782
356
4115
2106
5600
1112
2535
478
180
318
2858
313
169
13556
1612
84
2932
1102
2758
21225
1094
1570
787
306
309
483
77
17
317
271
63
289
31182
415
1068
429
1344
2418
127
4045
5955
1891
2243
4354
15272
5413
3854
402
1317
888
167
344
133
270
296
57
41
434
962
4503
2605
1125
2391
295
237
71
186
180
22
403
163
737
506
1054
59
63
336
94
983
12
799
486
204
550
1622
18
326
31
510
135
347
430
451
203
802
418
192
1104
372
84
778
187
329
858
512
1322
67
782
243
433
167
3114
466
1967
1130
2908
140
799
3907
326
1595
1947
4431
1121
171
21463
8541
1778
868
452
710
1669
2864
214
2204
328
237
1446
143
3053
1733
149
1037
397
660
109
1031
1161
14
444
373
111
34
1923
952
473
179
150
318
148
660
1966
153
2132
557
849
109
135
17
114
10
41
889
405
253
1723
260
37
370
1074
119
1410
2762
733
488
730
1488
655
1941
629
4699
115
3813
1047
877
20065
2234
1487
1075
272
375
51
370
313
1536
1662
918
6006
642
513
969
1062
1071
230
1866
718
102
33
403
700
188
1112
1061
565
876
872
191
396
372
2179
760
24
1351
701
1659
210
31
299
26
927
66
935
962
1134
400
106
938
855
4464
396
26
1088
1830
2279
6471
555
1558
196
3033
95
4016
78
7188
246
9533
5975
6214
2451
1504
444
956
1615
3209
2096
836
596
526
1661
127
2850
274
611
96
364
2408
3487
976
175
390
111
145
580
263
214
181
809
1679
1070
220
4283
1041
4366
988
1204
299
311
172
5851
4094
147
11432
288
12278
162
8764
3589
191
501
926
572
2349
778
28
2770
2987
44
828
2344
54
303
615
465
1172
1911
1117
714
2434
539
717
5654
1394
481
76
364
9166
228
133
6409
2295
8532
8698
4627
5833
408
55
2366
4224
1610
3916
2175
2740
3635
62
20
1758
4818
3274
1713
1894
273
101
4623
1431
3574
1979
356
85
3447
803
4104
14186
4463
4034
1954
173
33
541
1138
182
179
103
470
10
106
849
212
330
217
39
68
1573
5131
1296
1718
170
480
518
394
128
1596
927
3455
747
252
1135
587
1861
2592
2283
48
767
1304
47
52
311
60
985
1415
644
2165
133
257
1518
411
270
60
115
1655
35
71
4719
272
831
1271
706
403
1422
533
78
2751
991
2882
377
4363
15184
1875
1202
806
94
1299
1601
1429
413
167
179
92
4947
2739
2360
1123
508
32
155
29
1192
1597
557
3515
349
455
1
1732
40
19
522
129
845
40
342
841
1438
14
18
18
2066
306
955
1052
236
1386
232
108
124
117
192
633
180
27
58
640
262
109
113
391
1219
188
869
266
18
24
1435
1631
1656
154
219
263
2058
2918
41
561
1042
38874
13
47
844
122
27
960
3733
341
59
2973
515
453
349
785
538
1192
985
54
1056
230
1081
2694
504
571
815
922
1409
459
493
415
1979
1441
229
146
201
205
682
74
394
45
933
973
2088
17
556
1255
442
428
1029
2795
110
142
533
518
97
3712
3120
71
74
91
5399
2240
18706
4693
761
1846
423
13
90
961
5706
2590
2630
2184
668
374
471
1089
595
5892
485
2013
32
952
2979
3518
55
1162
2321
1736
386
5619
1120
338
