308
311
311
316
317
321
321
322
322
326
330
333
333
336
336
336
336
337
337
337
337
337
339
340
343
344
347
348
349
349
351
351
353
353
354
355
355
355
356
357
357
359
359
359
359
359
360
360
360
361
361
362
365
365
384
386
387
390
391
391
391
392
393
395
422
423
427
427
427
428
430
431
433
434
435
436
440
441
441
442
442
443
444
450
450
450
456
456
458
459
461
462
463
463
466
466
467
468
468
470
472
472
473
473
474
479
479
481
481
485
485
486
488
488
489
490
490
491
491
492
494
495
497
499
500
502
505
509
512
512
515
516
518
521
523
524
528
528
529
531
532
536
536
538
539
539
541
542
543
543
543
546
546
547
547
548
549
550
550
551
552
553
553
554
554
555
555
557
558
559
559
560
562
564
567
567
570
570
571
573
573
576
578
578
581
581
581
582
586
586
587
587
589
591
591
592
594
595
598
601
601
603
604
604
605
605
606
606
607
608
610
610
610
611
611
612
615
615
615
616
617
619
619
619
621
622
622
624
624
626
626
627
627
632
632
633
634
636
636
637
637
640
642
643
644
645
645
646
646
646
649
651
651
653
653
656
659
662
662
663
663
664
666
666
666
667
670
671
673
673
674
674
676
677
678
679
679
683
684
684
685
686
687
687
687
687
688
690
691
692
692
692
693
693
695
697
698
698
701
703
703
704
704
706
706
707
708
708
709
711
711
713
715
715
717
718
720
720
720
720
720
720
720
724
725
726
726
730
731
732
733
733
734
735
735
737
737
737
741
741
742
743
744
746
746
747
752
753
753
754
754
755
755
755
756
760
760
761
763
765
765
767
769
769
772
774
774
780
781
783
784
785
787
789
789
791
791
792
793
793
794
796
796
797
798
799
800
801
801
804
805
807
807
807
808
808
809
810
813
813
813
814
815
818
818
819
820
820
821
821
821
822
823
824
825
828
829
830
831
831
833
833
835
836
837
837
839
840
842
843
846
847
849
851
851
852
852
852
853
855
855
858
859
860
860
862
864
864
865
867
870
872
872
873
874
875
876
877
878
880
881
884
885
885
888
890
890
892
897
897
903
904
904
904
905
905
906
909
911
911
913
915
916
918
921
921
922
923
925
926
927
928
929
931
933
936
936
937
939
940
940
941
942
943
946
946
947
952
954
954
957
959
959
963
968
969
972
972
973
973
976
976
981
981
982
982
985
987
987
987
988
988
989
993
993
994
994
995
995
996
997
1000
1000
1002
1003
1004
1005
1007
1008
1010
1010
1011
1013
1015
1015
1018
1018
1021
1024
1024
1026
1028
1029
1029
1031
1032
1035
1037
1038
1038
1040
1044
1045
1046
1048
1049
1051
1052
1053
1054
1056
1057
1059
1063
1064
1070
1072
1074
1074
1076
1076
1076
1077
1079
1079
1081
1083
1086
1086
1088
1089
1090
1090
1091
1092
1093
1094
1095
1096
1100
1100
1100
1101
1104
1108
1109
1110
1112
1114
1116
1117
1117
1117
1118
1119
1120
1121
1121
1122
1123
1128
1128
1129
1130
1131
1132
1134
1134
1136
1137
1138
1139
1144
1145
1146
1149
1150
1152
1155
1157
1157
1163
1165
1165
1166
1168
1168
1169
1169
1170
1171
1174
1176
1176
1179
1180
1182
1182
1183
1184
1185
1187
1187
1187
1188
1188
1188
1194
1196
1196
1197
1197
1200
1201
1202
1203
1203
1208
1208
1213
1214
1214
1216
1216
1218
1219
1219
1220
1222
1225
1225
1227
1227
1228
1236
1238
1244
1245
1249
1251
1252
1252
1253
1255
1257
1257
1257
1261
1261
1262
1263
1264
1265
1266
1266
1270
1272
1272
1273
1274
1274
1284
1286
1288
1291
1293
1294
1295
1295
1297
1297
1302
1304
1304
1311
1311
1311
1312
1314
1314
1315
1317
1317
1319
1322
1324
1328
1329
1334
1339
1339
1341
1345
1348
1350
1352
1353
1357
1361
1362
1362
1363
1366
1366
1367
1372
1374
1375
1377
1379
1381
1383
1384
1386
1389
1389
1391
1392
1392
1393
1395
1396
1397
1398
1398
1403
1405
1407
1409
1410
1411
1414
1417
1424
1425
1426
1426
1426
1427
1427
1429
1430
1432
1437
1437
1439
1443
1444
1445
1446
1449
1452
1454
1457
1457
1460
1462
1463
1463
1465
1466
1467
1468
1473
1476
1476
1477
1480
1484
1486
1499
1505
1506
1508
1510
1511
1511
1512
1515
1518
1519
1526
1527
1530
1531
1531
1537
1541
1545
1547
1550
1552
1556
1557
1559
1562
1565
1572
1572
1577
1579
1579
1581
1581
1589
1592
1592
1599
1599
1600
1603
1605
1611
1612
1613
1614
1614
1615
1620
1620
1621
1626
1639
1639
1642
1643
1643
1644
1644
1652
1655
1657
1659
1672
1679
1681
1683
1684
1687
1690
1697
1697
1699
1705
1710
1710
1712
1713
1715
1717
1717
1718
1720
1721
1725
1728
1728
1734
1739
1740
1740
1742
1746
1751
1766
1775
1777
1783
1787
1792
1795
1795
1804
1805
1810
1816
1817
1819
1820
1825
1829
1832
1833
1835
1838
1845
1847
1849
1849
1852
1852
1855
1856
1857
1858
1866
1866
1881
1884
1892
1892
1895
1899
1903
1917
1917
1923
1930
1939
1941
1944
1945
1947
1952
1971
1976
1980
1983
1983
1992
1997
1998
2000
2013
2017
2030
2033
2057
2057
2060
2063
2072
2090
2092
2094
2096
2110
2112
2120
2125
2134
2135
2153
2167
2175
2186
2211
2213
2214
2237
2238
2246
2248
2254
2264
2269
2274
2281
2281
2285
2289
2310
2315
2322
2333
2335
2344
2354
2359
2362
2365
2374
2375
2380
2383
2397
2402
2403
2404
2405
2414
2421
2428
2431
2431
2439
2441
2441
2442
2443
2450
2464
2484
2492
2500
2534
2536
2545
2550
2557
2557
2558
2558
2561
2566
2572
2585
2588
2599
2607
2607
2622
2625
2641
2642
2647
2658
2682
2682
2686
2698
2705
2727
2731
2752
2757
2793
2806
2816
2820
2823
2833
2842
2847
2849
2849
2853
2861
2864
2870
2879
2888
2897
2939
2941
2945
2947
2950
2961
2964
2966
2969
2980
2980
2996
3003
3017
3021
3025
3038
3038
3038
3042
3054
3060
3063
3063
3072
3073
3077
3081
3083
3085
3092
3094
3113
3120
3121
3125
3128
3130
3131
3146
3146
3164
3184
3212
3214
3216
3221
3221
3228
3232
3244
3251
3251
3257
3278
3278
3293
3347
3357
3378
3380
3393
3449
3451
3476
3499
3508
3524
3555
3559
3560
3563
3605
3636
3647
3658
3682
3685
3700
3708
3727
3741
3750
3788
3798
3806
3830
3849
3852
3854
3874
3899
3903
3945
4057
4098
4125
4191
4250
4252
4270
4288
4339
4462
4521
4544
4546
4571
4642
4662
4681
4760
4765
4792
4877
4925
4933
4952
4976
4988
5053
5111
5130
5225
5252
5307
5333
5368
5386
5388
5412
5433
5440
5466
5559
5578
5612
5691
5748
5773
5823
5894
5919
5983
5987
6025
6029
6055
6104
6181
6222
6229
6390
6395
6466
6594
6615
6838
6864
6932
7076
7092
7115
7127
7219
7513
8204
8292
8485
8578
8585
8597
8693
8854
9970
9984
10642
10704
