303
309
312
312
313
313
314
314
317
319
319
320
321
321
321
322
322
323
323
325
326
327
328
329
329
330
330
331
331
331
332
333
333
333
334
334
336
336
337
337
338
338
339
339
339
339
340
340
340
340
341
341
343
343
343
343
343
344
344
345
345
345
345
345
346
346
347
348
348
349
349
349
350
350
350
350
351
351
351
351
351
351
351
352
352
352
353
353
354
354
354
354
355
355
355
356
356
356
357
357
357
358
358
359
359
359
360
360
360
360
360
360
361
361
362
362
363
363
363
363
364
364
365
366
366
366
367
367
368
369
369
371
374
378
382
382
383
384
386
388
390
390
390
390
390
391
391
392
393
394
395
396
397
401
407
407
408
413
414
420
421
421
421
421
423
424
424
424
425
426
427
427
427
428
428
429
429
429
430
431
431
432
432
432
432
434
434
434
434
435
435
435
436
437
437
439
441
441
441
441
442
442
442
443
443
444
444
444
445
445
445
446
447
447
447
449
449
450
451
451
451
452
452
452
453
455
456
456
459
459
459
460
460
460
461
461
461
462
462
464
464
465
465
466
466
466
467
467
467
467
467
468
468
469
469
469
469
470
470
470
471
471
471
472
472
473
473
473
474
474
474
474
474
475
476
477
478
479
479
480
480
480
480
481
481
482
482
482
483
483
483
484
484
485
485
486
486
486
486
486
487
487
488
488
488
489
489
489
490
490
491
491
491
491
491
491
491
492
492
492
492
492
492
493
493
494
494
494
496
496
496
497
497
498
498
499
499
499
500
500
500
500
500
500
501
501
501
501
503
503
504
504
504
505
505
505
505
506
506
507
507
507
507
507
508
508
508
508
508
508
508
509
509
509
509
509
510
511
511
511
511
511
512
512
512
512
513
513
514
514
514
514
515
516
516
516
517
518
520
520
521
521
521
521
522
522
523
523
523
524
525
526
526
527
529
529
531
531
531
532
533
534
535
535
535
536
536
536
536
537
537
537
537
537
538
538
538
539
539
539
540
540
540
541
541
541
542
542
542
543
543
543
543
543
543
543
544
545
545
545
545
546
547
547
547
548
548
549
549
549
550
550
550
550
550
551
551
551
551
551
552
552
552
553
553
554
555
555
555
556
556
557
557
557
557
558
558
558
558
559
559
560
560
560
561
561
561
561
563
563
564
565
566
567
567
567
567
568
568
568
569
569
569
569
570
570
570
571
571
571
571
572
572
572
573
573
573
573
573
574
575
576
576
576
576
577
577
577
577
578
578
579
579
579
579
580
580
580
583
584
584
585
585
585
585
586
586
586
586
587
587
588
588
588
594
595
595
595
596
596
596
596
597
598
598
599
599
600
600
600
600
600
601
602
602
603
603
603
604
604
604
604
605
605
606
606
606
606
607
607
608
611
611
611
611
612
612
613
613
614
615
615
616
617
618
618
618
618
619
620
620
620
620
621
621
621
621
621
622
622
622
622
623
623
623
623
623
624
624
624
625
625
625
625
626
627
627
628
629
630
630
630
630
631
631
631
631
631
632
633
634
634
634
634
634
636
637
638
638
638
639
639
640
640
640
640
641
641
641
641
642
642
642
642
642
643
643
644
644
644
645
645
645
645
645
645
646
646
646
647
647
647
650
650
650
651
651
652
652
652
652
653
653
653
653
653
654
654
654
656
657
658
659
659
659
659
660
661
661
661
661
662
662
662
662
663
664
664
665
667
667
667
668
668
668
669
670
670
670
671
671
672
672
672
673
673
673
673
675
675
675
675
675
675
676
677
677
677
678
678
679
681
681
681
681
682
682
682
682
683
683
683
684
684
685
685
685
686
686
686
686
686
687
687
687
688
688
689
689
689
689
690
690
690
690
691
691
692
692
692
692
692
693
693
694
694
694
694
695
695
695
696
696
697
697
698
698
699
699
699
700
701
701
702
703
703
704
704
704
704
706
706
706
706
708
708
708
708
709
709
709
709
710
710
711
711
712
712
713
713
714
714
715
716
716
717
717
717
718
718
719
719
720
720
720
720
721
721
721
721
722
722
722
723
723
723
724
724
724
724
725
725
725
726
726
726
726
726
726
727
727
728
729
729
729
729
729
730
730
730
730
731
731
731
732
733
733
733
733
735
735
736
739
739
739
740
740
740
740
741
742
742
742
743
743
744
744
745
745
745
745
746
748
748
748
748
749
750
750
751
752
752
752
753
753
754
754
754
755
756
756
756
757
757
758
758
758
758
758
758
759
760
760
760
760
761
763
764
764
764
764
765
765
765
766
766
766
766
767
767
768
768
768
768
769
769
769
770
770
770
770
770
771
771
771
771
772
772
773
773
773
773
773
774
774
774
775
775
775
776
776
777
777
777
777
779
779
779
782
782
782
782
783
783
783
784
785
785
786
786
787
788
788
789
789
790
790
790
790
790
791
791
791
792
792
792
793
796
796
796
796
796
797
797
797
797
798
798
800
800
800
800
801
801
802
802
802
803
804
805
805
805
806
806
806
806
806
806
806
807
807
807
809
809
810
810
810
810
810
812
812
813
813
814
815
815
816
816
817
818
818
819
819
819
819
819
820
821
821
822
823
824
825
825
826
826
827
827
827
828
828
828
829
829
831
831
831
832
833
833
834
834
834
834
835
836
836
837
837
837
837
838
838
839
839
839
840
840
840
840
840
840
840
840
841
841
841
842
842
842
843
843
843
843
843
844
844
844
844
844
845
845
845
845
846
847
847
849
850
850
851
851
852
852
852
853
853
853
854
854
854
854
854
855
855
855
856
857
857
858
858
859
860
863
863
864
865
865
866
866
867
867
868
868
868
869
869
869
869
869
870
871
873
873
873
874
875
875
876
876
876
876
876
877
878
880
880
880
881
881
882
883
883
883
884
884
884
885
885
885
886
886
886
887
887
888
888
888
888
888
888
888
889
889
889
890
891
891
891
891
891
892
892
892
894
895
895
896
896
896
897
898
899
899
900
900
901
901
902
902
902
903
903
905
905
907
907
909
909
909
910
910
910
911
911
911
911
912
912
913
914
915
915
916
916
916
917
917
918
918
918
919
919
920
922
922
922
923
924
925
925
926
926
926
927
927
928
928
928
928
929
929
929
931
931
934
935
936
937
938
938
938
938
939
940
940
940
940
940
941
941
941
941
941
943
943
943
944
944
945
945
945
946
948
948
948
948
948
948
949
950
950
950
951
951
951
951
952
954
954
954
954
956
956
958
958
958
958
959
960
961
961
962
962
962
962
962
963
963
964
964
964
964
965
966
967
967
967
967
968
969
970
970
970
970
971
972
972
972
973
974
974
975
975
976
977
977
978
978
978
979
979
980
980
981
984
984
984
985
986
987
987
988
988
989
989
990
991
991
991
991
992
992
992
992
993
993
994
994
994
995
996
996
996
996
997
997
998
1001
1001
1002
1003
1006
1007
1007
1009
1009
1009
1010
1010
1011
1011
1012
1013
1013
1013
1013
1013
1013
1014
1015
1015
1015
1016
1017
1018
1019
1019
1020
1021
1021
1021
1023
1024
1024
1024
1025
1025
1028
1028
1030
1032
1033
1033
1034
1035
1035
1036
1037
1037
1037
1037
1038
1038
1038
1039
1039
1041
1042
1044
1044
1044
1044
1045
1045
1045
1045
1046
1046
1048
1049
1049
1051
1051
1054
1054
1055
1055
1056
1056
1056
1057
1057
1058
1059
1059
1060
1061
1062
1063
1063
1064
1064
1065
1066
1066
1066
1066
1067
1067
1067
1068
1069
1070
1070
1070
1071
1071
1071
1072
1073
1073
1073
1074
1076
1076
1077
1078
1080
1080
1082
1082
1082
1083
1083
1084
1084
1084
1085
1085
1085
1089
1089
1089
1089
1089
1090
1090
1090
1090
1092
1092
1093
1095
1095
1096
1099
1100
1100
1101
1102
1102
1103
1103
1103
1103
1104
1104
1105
1107
1108
1109
1109
1109
1109
1109
1110
1111
1112
1114
1114
1114
1115
1115
1116
1116
1116
1116
1116
1116
1117
1119
1119
1119
1120
1123
1123
1123
1124
1125
1127
1128
1129
1129
1129
1130
1131
1132
1132
1132
1132
1134
1134
1135
1136
1136
1139
1139
1139
1140
1141
1142
1144
1144
1145
1145
1146
1147
1147
1147
1149
1152
1152
1152
1153
1153
1154
1154
1155
1155
1155
1158
1160
1160
1161
1161
1161
1162
1162
1164
1164
1165
1166
1167
1167
1167
1168
1168
1169
1170
1171
1171
1173
1174
1177
1178
1179
1179
1180
1182
1183
1183
1184
1184
1184
1184
1185
1185
1186
1186
1186
1187
1187
1188
1188
1189
1189
1190
1191
1192
1192
1192
1193
1194
1196
1197
1197
1198
1198
1199
1200
1201
1202
1202
1202
1204
1205
1206
1206
1206
1207
1207
1207
1208
1208
1208
1211
1212
1213
1213
1214
1215
1215
1215
1215
1216
1216
1217
1219
1220
1220
1220
1222
1223
1223
1223
1223
1224
1224
1226
1226
1228
1228
1229
1230
1230
1230
1231
1231
1232
1233
1234
1235
1236
1236
1237
1238
1238
1238
1238
1240
1241
1241
1241
1242
1245
1245
1247
1247
1247
1252
1252
1253
1253
1253
1253
1255
1256
1256
1256
1256
1257
1258
1260
1260
1261
1264
1264
1264
1266
1268
1268
1268
1270
1270
1270
1271
1272
1274
1275
1275
1275
1276
1276
1277
1277
1278
1278
1278
1280
1282
1282
1283
1283
1284
1284
1285
1285
1286
1286
1289
1289
1289
1290
1292
1292
1293
1293
1294
1295
1295
1296
1296
1298
1299
1300
1300
1301
1301
1302
1302
1303
1303
1306
1306
1308
1308
1308
1310
1310
1312
1312
1312
1313
1313
1313
1313
1313
1314
1315
1316
1318
1318
1318
1318
1322
1322
1322
1324
1324
1324
1325
1325
1326
1329
1330
1331
1331
1331
1332
1333
1333
1334
1336
1337
1339
1341
1341
1341
1343
1343
1343
1343
1344
1345
1346
1347
1349
1350
1350
1351
1351
1352
1353
1353
1354
1355
1355
1355
1356
1358
1358
1360
1360
1361
1362
1362
1363
1363
1363
1364
1366
1368
1369
1369
1370
1370
1371
1371
1372
1372
1372
1372
1373
1374
1376
1377
1378
1378
1379
1379
1381
1381
1382
1384
1389
1389
1389
1390
1390
1390
1391
1391
1391
1392
1393
1394
1394
1394
1395
1395
1395
1397
1397
1397
1398
1399
1399
1400
1404
1405
1405
1406
1407
1411
1412
1412
1413
1416
1417
1418
1419
1419
1420
1420
1424
1424
1425
1425
1425
1426
1428
1434
1434
1437
1439
1441
1445
1445
1446
1448
1448
1449
1449
1450
1451
1452
1453
1453
1454
1454
1454
1455
1456
1456
1456
1457
1460
1460
1461
1461
1461
1462
1463
1464
1464
1466
1467
1467
1468
1471
1473
1474
1474
1475
1476
1477
1478
1480
1481
1484
1485
1485
1485
1485
1489
1494
1495
1496
1498
1499
1500
1502
1503
1504
1504
1505
1506
1507
1508
1509
1510
1510
1511
1512
1513
1514
1514
1514
1515
1517
1517
1519
1519
1520
1523
1524
1525
1528
1529
1532
1533
1533
1534
1534
1535
1535
1537
1537
1537
1538
1538
1539
1540
1542
1543
1546
1547
1548
1549
1550
1553
1553
1555
1555
1556
1561
1565
1566
1566
1566
1567
1568
1572
1572
1573
1579
1583
1583
1584
1584
1586
1586
1589
1592
1593
1593
1596
1596
1596
1597
1598
1598
1600
1602
1604
1608
1609
1609
1609
1609
1611
1611
1613
1615
1617
1617
1619
1619
1621
1621
1623
1623
1623
1624
1625
1626
1626
1627
1627
1630
1630
1631
1631
1633
1633
1633
1634
1636
1637
1639
1639
1639
1639
1639
1639
1640
1641
1643
1644
1646
1649
1649
1653
1656
1656
1656
1658
1659
1659
1660
1661
1661
1662
1662
1663
1666
1669
1669
1671
1671
1673
1673
1676
1677
1680
1680
1680
1683
1685
1687
1689
1691
1694
1694
1701
1701
1710
1716
1717
1719
1720
1721
1724
1725
1725
1729
1730
1730
1732
1732
1733
1734
1734
1735
1737
1737
1737
1737
1738
1739
1742
1746
1748
1748
1750
1755
1755
1759
1762
1768
1768
1770
1773
1773
1774
1776
1777
1779
1781
1783
1783
1784
1786
1787
1788
1788
1791
1792
1792
1794
1794
1795
1795
1795
1796
1796
1796
1797
1800
1801
1801
1803
1804
1805
1807
1808
1809
1809
1810
1811
1811
1812
1814
1818
1819
1819
1820
1825
1826
1827
1828
1832
1833
1833
1835
1838
1842
1842
1842
1845
1846
1846
1854
1855
1856
1861
1861
1864
1866
1869
1872
1872
1877
1878
1878
1878
1879
1883
1883
1887
1887
1889
1893
1893
1895
1895
1896
1896
1901
1902
1904
1905
1906
1909
1912
1916
1917
1917
1918
1924
1927
1928
1934
1936
1938
1944
1954
1957
1959
1960
1961
1961
1962
1963
1967
1975
1977
1979
1982
1987
1987
1987
1990
1990
1993
1998
2000
2001
2002
2003
2003
2006
2006
2006
2017
2018
2025
2027
2028
2031
2036
2039
2042
2048
2050
2051
2056
2056
2058
2059
2061
2062
2062
2063
2065
2065
2069
2071
2071
2073
2077
2081
2092
2095
2095
2097
2099
2101
2102
2106
2109
2109
2111
2112
2113
2116
2120
2121
2123
2128
2131
2131
2131
2133
2135
2137
2139
2142
2142
2142
2143
2146
2150
2153
2156
2157
2158
2165
2167
2174
2176
2177
2179
2180
2182
2182
2184
2196
2198
2204
2209
2211
2211
2214
2217
2219
2222
2225
2228
2228
2229
2233
2236
2237
2239
2244
2254
2256
2258
2258
2270
2276
2277
2278
2284
2285
2290
2293
2300
2305
2313
2314
2314
2318
2318
2319
2320
2322
2327
2339
2345
2347
2348
2349
2356
2357
2363
2364
2367
2367
2368
2371
2371
2376
2376
2379
2382
2382
2391
2394
2399
2401
2408
2409
2411
2412
2419
2420
2421
2421
2427
2429
2429
2430
2433
2437
2439
2440
2443
2446
2450
2453
2456
2459
2459
2460
2465
2468
2470
2471
2472
2473
2483
2483
2486
2487
2490
2499
2502
2503
2505
2505
2508
2508
2514
2515
2515
2518
2518
2521
2524
2527
2530
2532
2539
2540
2550
2556
2561
2568
2570
2572
2578
2579
2580
2588
2588
2601
2605
2609
2611
2613
2614
2615
2621
2626
2630
2632
2644
2644
2647
2651
2654
2665
2665
2666
2667
2670
2674
2677
2679
2680
2681
2681
2693
2698
2698
2701
2704
2705
2705
2708
2716
2726
2732
2744
2751
2757
2760
2767
2767
2768
2779
2783
2786
2786
2786
2789
2798
2817
2820
2837
2845
2846
2847
2851
2859
2866
2866
2867
2870
2871
2879
2879
2882
2882
2883
2883
2887
2889
2892
2899
2900
2902
2903
2915
2924
2944
2945
2945
2949
2952
2971
2972
2973
2982
2989
2996
2999
3001
3009
3012
3025
3031
3034
3038
3041
3041
3043
3044
3046
3047
3048
3052
3062
3066
3068
3074
3082
3087
3089
3097
3097
3102
3107
3109
3117
3123
3133
3134
3135
3140
3141
3174
3176
3176
3178
3181
3185
3186
3189
3191
3197
3210
3212
3213
3218
3225
3227
3227
3230
3238
3254
3260
3273
3276
3279
3284
3285
3299
3301
3318
3328
3335
3345
3359
3364
3364
3369
3372
3375
3383
3387
3394
3407
3415
3417
3417
3421
3424
3428
3428
3431
3442
3449
3458
3465
3468
3470
3474
3481
3484
3517
3525
3528
3537
3543
3548
3550
3551
3553
3562
3567
3575
3577
3605
3617
3634
3648
3655
3662
3667
3673
3677
3680
3684
3690
3692
3694
3704
3710
3710
3721
3724
3726
3753
3767
3811
3820
3831
3836
3842
3845
3880
3880
3894
3908
3936
3938
3948
3979
3980
3980
3985
3994
4016
4049
4050
4075
4080
4083
4091
4124
4136
4146
4159
4159
4170
4185
4187
4187
4187
4189
4189
4195
4260
4263
4269
4272
4286
4297
4301
4319
4326
4330
4346
4358
4365
4400
4417
4420
4456
4483
4510
4529
4540
4543
4557
4600
4634
4657
4667
4688
4694
4698
4712
4724
4734
4736
4780
4798
4831
4866
4873
4888
4905
4905
4906
4924
4987
5019
5078
5109
5174
5221
5259
5259
5263
5309
5351
5369
5374
5409
5482
5497
5506
5506
5515
5534
5538
5540
5549
5566
5573
5604
5613
5654
5717
5780
5829
5883
5961
5993
6028
6030
6053
6195
6213
6283
6501
6531
6591
6648
6663
6666
6723
6733
6804
6856
7034
7078
7102
7120
7122
7160
7391
7511
7614
7633
7677
7824
7862
7947
7953
8073
8075
8089
8163
8179
8197
8301
8304
8312
8379
8384
8387
8454
8544
9221
9641
9766
9952
9988
10076
10193
10257
10287
10339
10581
