308
313
315
316
316
320
320
321
322
323
323
324
325
325
326
326
327
327
328
328
329
329
329
330
331
332
332
333
333
333
334
334
334
334
334
335
335
335
336
336
336
336
337
337
337
337
338
338
338
338
338
339
339
339
339
339
340
340
340
340
340
340
340
341
341
342
342
342
342
342
342
343
344
344
344
344
345
345
346
346
346
346
347
347
347
348
348
348
348
348
348
348
348
348
348
349
349
349
349
351
351
351
352
352
352
352
352
352
353
353
353
353
353
354
354
354
354
354
354
355
355
355
355
356
357
357
357
357
357
358
358
358
358
359
359
359
359
359
360
360
360
360
360
360
360
360
361
361
361
361
362
362
362
362
362
363
363
363
365
365
365
365
365
365
365
366
366
368
368
369
369
370
370
370
371
372
372
378
384
385
386
387
387
387
387
387
387
388
388
389
389
389
390
390
390
390
390
391
392
392
392
393
393
394
400
400
401
404
407
409
413
414
419
419
420
420
421
421
422
422
422
423
423
423
424
424
425
425
425
425
425
425
426
426
426
426
427
427
427
427
427
428
428
428
428
428
428
429
429
429
429
430
430
430
430
431
431
433
433
433
434
434
434
434
434
434
434
435
435
435
435
436
436
436
436
436
437
437
438
438
439
440
440
440
440
441
441
441
441
441
441
441
441
442
442
442
442
443
443
443
443
444
444
444
444
444
445
445
445
445
445
446
446
447
447
447
447
447
447
447
448
448
448
449
449
449
449
449
449
450
450
450
450
450
450
450
450
451
451
451
451
451
451
452
452
452
452
452
453
454
454
454
455
455
455
455
456
456
456
456
456
456
456
457
457
457
457
458
458
458
459
459
460
460
460
460
460
461
461
462
462
462
462
462
462
463
463
463
463
463
463
464
464
464
464
465
465
465
466
466
467
467
467
467
468
468
468
468
468
469
469
469
469
469
470
470
470
470
470
470
470
471
471
472
472
472
473
473
473
473
473
474
474
474
474
475
475
475
475
475
475
475
475
476
476
477
478
478
478
478
478
479
479
479
480
480
480
480
480
480
480
480
481
481
481
481
481
481
481
482
482
482
482
482
484
484
484
484
484
484
484
485
485
485
486
486
486
487
487
487
487
487
487
488
488
488
488
488
489
489
489
489
489
489
490
490
490
490
490
490
491
491
491
491
491
491
492
492
492
492
492
492
492
493
493
493
493
494
494
495
495
495
495
495
495
495
495
496
496
496
496
496
496
496
497
497
497
497
497
497
497
497
497
498
498
498
498
499
499
499
499
499
500
500
500
500
500
501
501
501
501
501
501
501
502
502
503
503
503
503
503
503
504
504
504
504
504
504
504
504
504
504
505
505
505
505
505
505
506
506
506
506
506
506
506
507
507
507
508
508
508
508
508
508
509
509
510
510
510
511
511
511
512
512
512
512
512
512
512
513
513
513
513
513
513
514
514
514
514
515
515
515
515
515
516
516
517
517
517
517
517
517
517
517
518
518
518
518
519
519
519
519
520
520
521
521
521
521
521
521
522
522
523
523
523
523
524
524
524
525
525
525
525
526
526
526
526
527
527
527
527
527
528
528
528
528
529
529
529
529
529
530
530
530
530
531
531
531
531
531
531
531
532
532
532
532
533
533
533
533
534
534
535
535
535
535
535
535
535
535
536
536
536
537
537
538
538
538
538
538
538
538
538
538
538
539
539
539
539
539
539
539
539
540
540
540
540
540
540
540
541
541
541
541
541
542
542
543
543
543
543
543
543
544
544
544
545
545
545
545
546
546
546
546
546
546
547
547
547
547
548
548
548
548
548
549
549
549
549
549
549
550
550
550
550
550
551
551
551
551
551
552
553
553
553
553
553
553
553
553
553
553
553
554
554
554
554
555
555
555
555
556
556
556
556
557
557
557
557
558
558
558
558
559
559
559
560
560
561
561
562
562
562
562
563
563
563
564
564
565
565
565
565
565
565
565
565
565
565
566
566
566
566
566
567
567
567
567
567
568
568
568
568
568
568
568
569
569
569
569
569
570
570
570
570
571
571
571
571
571
571
571
571
572
572
572
572
572
573
573
573
573
573
573
574
574
574
574
574
575
575
575
575
576
576
576
577
577
577
577
577
577
577
577
577
578
578
578
578
578
579
579
579
579
579
580
580
580
580
581
581
581
582
582
583
583
583
583
583
584
584
584
584
585
585
585
585
586
586
586
586
586
586
586
586
586
587
587
587
587
588
588
588
588
588
589
589
590
590
590
590
590
590
590
591
591
591
591
591
591
591
591
591
591
592
592
592
592
592
592
592
593
593
593
593
593
593
593
593
594
594
595
595
596
596
596
596
597
597
597
597
597
597
597
597
597
598
598
598
598
599
599
599
599
599
599
600
600
600
600
600
601
601
601
601
601
601
601
601
602
602
602
602
602
603
603
603
604
604
604
604
605
605
605
605
606
606
606
606
607
607
607
607
607
608
608
608
608
609
609
609
610
610
610
610
610
610
611
611
611
611
611
611
612
612
612
612
612
612
613
613
614
614
614
614
615
615
615
615
615
615
616
616
616
616
616
616
617
617
618
618
618
618
618
618
618
618
618
618
619
619
619
619
619
620
620
620
620
621
621
621
621
622
622
622
622
623
623
623
623
623
623
623
624
624
624
624
624
624
625
625
625
626
627
627
627
628
628
628
628
628
628
629
630
630
630
630
630
630
630
630
631
631
631
632
632
633
633
633
633
633
634
634
634
634
635
635
635
635
636
637
637
637
637
638
638
638
638
638
638
638
639
639
639
640
640
640
640
640
641
641
642
642
642
643
643
643
643
643
643
643
644
644
644
644
644
644
644
644
645
645
645
645
646
646
646
646
646
646
646
646
647
647
647
647
648
648
648
648
648
648
649
649
650
650
650
650
650
651
651
651
651
651
652
652
652
652
652
653
653
653
653
653
654
654
654
655
655
655
655
655
655
655
656
656
656
656
657
657
658
659
659
659
660
660
660
661
661
661
661
661
661
662
662
662
662
662
663
663
663
663
663
663
663
664
664
665
665
666
666
666
666
666
666
666
666
667
667
667
667
668
668
668
668
668
668
668
669
669
669
669
669
669
670
670
670
670
670
670
670
671
671
671
671
671
671
671
672
672
672
672
672
672
673
673
673
673
673
674
674
674
674
674
674
675
675
675
675
675
675
675
676
676
676
676
676
677
678
678
678
678
678
679
679
679
679
680
680
680
680
681
681
681
681
681
681
682
682
682
682
682
683
683
683
683
683
683
684
684
684
684
684
684
684
685
685
685
685
685
686
686
686
686
686
686
686
686
687
687
687
687
687
687
687
688
688
688
688
688
688
689
689
689
689
689
690
690
690
690
690
691
691
691
691
691
691
691
692
692
692
693
693
693
693
693
693
694
694
694
694
694
694
694
695
695
695
695
695
695
695
696
696
696
696
696
696
697
697
697
697
697
698
698
698
699
699
699
699
699
700
700
700
700
701
701
701
701
702
702
702
702
702
702
703
703
703
703
703
703
704
704
705
705
705
706
706
706
706
706
707
707
707
707
707
707
707
708
708
709
709
709
709
709
710
710
710
710
710
711
711
711
712
712
712
712
713
713
713
714
714
714
714
714
714
715
715
716
716
716
716
717
717
718
718
718
719
719
719
720
720
720
720
720
720
721
721
721
721
721
722
722
722
722
722
722
723
724
724
724
724
724
724
725
725
726
726
726
726
726
727
727
727
727
727
727
727
728
728
728
728
728
729
729
729
729
729
730
730
730
730
730
730
730
730
730
731
731
731
732
732
732
732
733
733
733
733
733
733
733
734
735
735
736
736
736
736
736
736
737
737
737
737
737
737
737
738
738
738
738
738
738
739
739
739
740
740
740
740
740
741
741
741
741
741
742
742
742
742
742
743
743
743
743
743
743
744
744
744
744
745
745
745
746
746
747
747
747
747
747
747
747
748
748
748
748
748
748
748
749
749
749
749
750
750
750
751
752
753
753
753
753
753
754
754
754
754
754
754
754
754
755
755
755
755
756
756
756
756
756
757
757
757
757
757
757
757
758
758
759
759
759
759
760
760
760
760
760
761
761
761
761
762
762
762
762
762
762
763
763
764
764
764
764
764
764
765
765
765
766
766
767
767
768
768
768
768
769
769
769
769
770
770
770
770
770
770
770
771
771
771
771
771
771
771
771
772
772
772
772
772
773
773
773
773
774
774
774
774
775
775
775
775
776
776
776
776
776
776
776
776
777
777
777
777
777
777
778
778
778
778
778
778
778
778
779
779
779
779
779
780
780
780
780
780
780
780
780
781
781
781
782
782
782
782
783
783
783
783
783
784
784
784
784
784
785
785
786
786
786
786
786
787
787
787
787
788
788
788
788
788
789
789
789
789
789
789
790
790
790
790
790
791
791
791
791
791
791
792
792
793
793
793
794
794
794
795
795
795
795
795
795
796
796
796
796
796
797
797
797
797
797
797
797
798
799
799
799
799
799
799
799
800
800
800
800
801
801
801
801
801
802
802
802
802
802
802
803
803
803
804
804
804
804
805
805
805
805
806
806
806
807
807
807
807
807
808
808
808
808
809
809
809
809
810
810
810
810
810
810
810
811
811
812
812
812
812
813
813
813
813
813
813
814
814
814
814
814
814
814
815
815
815
815
815
815
816
816
816
816
816
816
817
817
817
817
817
818
818
818
818
818
819
819
819
820
821
821
821
821
821
821
821
821
822
823
823
823
823
823
824
824
824
824
824
824
824
824
825
825
825
826
826
826
826
827
827
827
827
827
828
828
828
829
829
829
829
829
830
830
830
830
831
831
831
831
832
832
832
832
832
833
833
833
833
833
833
833
834
834
835
836
836
836
836
836
837
837
837
837
837
837
837
838
838
838
839
839
839
839
839
839
840
840
840
840
840
840
840
841
841
841
841
841
842
842
842
842
842
842
843
843
843
843
843
843
843
843
844
844
844
844
844
845
846
847
847
847
848
848
848
848
849
849
849
849
850
850
850
850
850
851
851
851
852
852
853
853
853
853
853
854
854
854
854
855
855
855
855
855
856
857
858
858
858
858
858
858
859
859
859
859
859
860
860
860
860
860
860
861
862
862
862
862
863
863
863
863
864
864
864
864
864
864
865
865
865
865
865
865
866
866
866
866
866
866
867
867
867
867
867
867
867
868
868
868
868
868
868
868
869
869
869
870
870
870
870
870
870
870
871
871
871
871
871
871
872
872
872
872
872
873
873
873
873
873
873
874
874
874
874
875
875
875
875
875
876
876
876
876
876
876
877
877
877
878
878
878
879
879
879
880
880
880
881
881
881
882
882
882
882
882
882
882
882
882
883
883
883
883
884
884
884
884
885
885
885
885
886
886
886
887
887
887
887
887
887
887
887
888
888
889
889
889
889
890
891
891
891
892
892
892
892
893
894
894
895
895
895
895
895
895
895
897
897
897
898
898
899
899
899
899
899
900
900
900
900
901
902
902
902
903
903
903
904
904
904
904
904
904
904
904
904
905
905
906
906
906
906
906
906
906
906
907
907
907
907
907
908
908
908
909
909
909
909
909
910
910
911
911
911
911
911
911
912
912
912
912
912
913
913
913
913
913
913
914
914
915
915
915
916
916
916
916
916
917
917
917
917
917
918
918
918
918
918
919
919
919
919
919
920
921
921
921
921
921
921
922
922
922
922
922
922
922
922
923
923
923
923
923
923
924
924
924
925
925
925
925
925
926
926
926
926
927
927
927
928
928
929
929
929
929
930
930
930
930
930
930
930
930
930
931
931
931
931
931
932
932
932
933
933
933
933
934
934
934
934
934
934
934
934
935
935
935
935
935
936
936
936
937
937
937
938
938
938
938
938
938
938
939
939
939
939
939
940
940
940
940
940
940
941
941
941
941
941
942
942
942
942
942
942
942
943
944
944
944
944
944
945
945
945
945
946
946
946
947
947
947
948
948
948
948
948
949
949
949
949
949
949
949
950
950
950
950
950
951
951
951
951
951
952
953
953
953
954
954
954
955
955
955
955
956
956
956
956
956
956
957
957
958
958
958
958
958
958
959
959
959
959
959
959
960
960
960
960
960
960
960
961
961
961
961
961
962
962
963
963
963
963
964
966
966
966
966
966
966
966
966
967
967
967
968
968
969
969
969
969
969
970
970
970
971
971
973
973
973
973
974
974
974
974
975
975
976
976
977
977
977
977
977
978
979
979
979
979
979
980
980
980
980
980
981
981
981
982
982
982
982
982
982
982
983
983
983
984
984
984
985
985
985
986
986
986
986
986
986
987
987
987
988
989
989
989
989
990
990
990
990
991
991
991
992
992
992
992
992
994
994
994
994
994
995
995
995
995
996
996
996
996
997
997
998
998
998
998
999
999
999
1000
1001
1001
1002
1002
1002
1002
1003
1003
1003
1004
1004
1004
1004
1005
1005
1005
1006
1006
1006
1006
1006
1007
1007
1007
1008
1008
1008
1008
1008
1008
1010
1010
1011
1011
1011
1011
1011
1012
1012
1012
1013
1013
1013
1013
1014
1015
1015
1015
1015
1015
1015
1016
1016
1016
1016
1017
1017
1017
1018
1018
1018
1018
1019
1019
1021
1022
1022
1023
1023
1023
1024
1024
1024
1024
1024
1024
1025
1025
1025
1025
1025
1025
1025
1025
1026
1027
1027
1027
1027
1027
1027
1028
1028
1028
1028
1029
1029
1030
1030
1030
1030
1030
1030
1031
1032
1032
1032
1033
1033
1033
1034
1034
1034
1035
1035
1035
1035
1036
1036
1036
1037
1037
1037
1038
1038
1038
1038
1038
1038
1039
1040
1040
1041
1042
1042
1042
1042
1042
1042
1043
1043
1043
1043
1043
1043
1044
1044
1044
1045
1046
1046
1047
1047
1047
1047
1048
1048
1048
1049
1049
1049
1050
1050
1050
1051
1051
1051
1052
1052
1052
1053
1053
1054
1054
1055
1055
1055
1055
1055
1056
1056
1057
1057
1057
1058
1058
1058
1058
1058
1058
1058
1059
1059
1059
1059
1059
1060
1061
1061
1061
1062
1062
1062
1062
1063
1063
1063
1063
1063
1064
1064
1064
1065
1065
1065
1066
1066
1066
1066
1067
1067
1067
1068
1068
1068
1068
1069
1069
1070
1070
1070
1072
1073
1073
1074
1074
1074
1074
1074
1075
1076
1076
1076
1076
1077
1077
1077
1078
1078
1078
1079
1079
1079
1079
1080
1080
1080
1080
1080
1080
1081
1081
1081
1081
1081
1081
1081
1081
1081
1081
1082
1083
1083
1083
1083
1083
1083
1085
1085
1086
1086
1086
1087
1087
1087
1087
1088
1088
1089
1090
1090
1090
1090
1091
1092
1093
1093
1093
1093
1093
1094
1094
1094
1094
1096
1096
1096
1097
1097
1097
1097
1097
1097
1097
1098
1098
1098
1098
1098
1099
1099
1099
1099
1100
1100
1100
1100
1100
1101
1101
1102
1102
1103
1103
1104
1104
1104
1104
1105
1105
1106
1106
1106
1107
1107
1107
1107
1108
1108
1108
1109
1110
1110
1110
1110
1111
1111
1111
1112
1112
1113
1113
1114
1114
1114
1115
1115
1115
1115
1115
1116
1116
1116
1116
1116
1117
1117
1118
1119
1119
1120
1120
1120
1120
1120
1121
1121
1121
1122
1122
1123
1123
1125
1126
1126
1126
1127
1127
1128
1128
1128
1128
1128
1128
1129
1129
1129
1129
1129
1129
1130
1130
1131
1132
1132
1132
1133
1133
1134
1134
1134
1135
1135
1136
1136
1136
1137
1137
1138
1138
1139
1139
1139
1139
1139
1139
1140
1140
1140
1140
1141
1142
1142
1142
1142
1142
1143
1143
1144
1144
1144
1144
1145
1145
1146
1146
1147
1147
1147
1147
1147
1147
1148
1148
1149
1150
1150
1151
1151
1151
1151
1152
1152
1152
1153
1153
1153
1153
1153
1154
1154
1154
1156
1157
1158
1158
1158
1158
1159
1159
1159
1160
1160
1160
1160
1160
1161
1161
1161
1161
1162
1162
1162
1163
1163
1163
1164
1164
1164
1165
1165
1165
1165
1165
1166
1166
1166
1166
1166
1167
1167
1167
1168
1168
1169
1169
1170
1171
1171
1172
1172
1173
1173
1173
1173
1174
1174
1174
1174
1176
1176
1177
1177
1177
1178
1178
1178
1179
1180
1181
1181
1181
1181
1183
1184
1184
1185
1185
1185
1185
1185
1186
1186
1186
1187
1188
1189
1190
1191
1192
1192
1192
1193
1194
1194
1194
1194
1194
1194
1195
1196
1196
1197
1198
1198
1198
1199
1199
1199
1199
1200
1200
1200
1200
1200
1200
1200
1201
1202
1202
1202
1203
1203
1204
1204
1204
1204
1205
1205
1205
1206
1207
1207
1208
1208
1208
1209
1209
1210
1210
1210
1211
1211
1211
1212
1212
1212
1212
1213
1213
1213
1213
1215
1215
1215
1216
1216
1217
1217
1218
1219
1220
1221
1221
1221
1221
1222
1222
1222
1222
1222
1223
1223
1224
1224
1226
1226
1226
1227
1227
1228
1228
1228
1228
1228
1229
1229
1229
1230
1231
1231
1232
1232
1232
1233
1233
1234
1235
1235
1236
1236
1236
1236
1237
1238
1238
1240
1240
1241
1241
1242
1243
1244
1244
1244
1245
1245
1245
1245
1246
1248
1248
1248
1249
1249
1250
1250
1250
1250
1251
1251
1251
1251
1251
1252
1252
1252
1253
1254
1255
1256
1256
1256
1257
1257
1258
1258
1258
1258
1259
1259
1259
1259
1259
1260
1260
1260
1261
1261
1262
1262
1262
1263
1264
1265
1265
1265
1267
1267
1267
1267
1269
1269
1269
1269
1270
1270
1270
1270
1272
1272
1272
1272
1273
1274
1274
1275
1275
1275
1276
1276
1276
1277
1277
1277
1278
1278
1278
1278
1278
1279
1279
1279
1279
1280
1280
1281
1281
1281
1281
1282
1282
1283
1283
1283
1283
1284
1284
1285
1285
1286
1286
1286
1287
1287
1288
1288
1288
1289
1289
1289
1289
1289
1291
1291
1291
1291
1292
1292
1292
1293
1293
1293
1293
1293
1293
1293
1294
1295
1295
1295
1295
1296
1297
1297
1297
1297
1299
1299
1301
1301
1301
1302
1302
1303
1304
1304
1305
1305
1305
1307
1307
1307
1308
1308
1308
1309
1309
1309
1309
1309
1310
1311
1311
1311
1312
1312
1313
1313
1314
1315
1315
1316
1316
1317
1317
1318
1319
1319
1320
1320
1321
1322
1322
1322
1323
1323
1323
1324
1325
1325
1325
1326
1326
1326
1326
1327
1328
1328
1329
1329
1329
1331
1331
1333
1333
1333
1333
1333
1334
1334
1334
1334
1335
1335
1335
1335
1336
1336
1337
1337
1337
1337
1337
1338
1339
1342
1342
1343
1344
1344
1344
1346
1346
1346
1346
1347
1347
1350
1350
1350
1350
1350
1352
1352
1353
1354
1355
1355
1355
1355
1356
1357
1357
1357
1358
1358
1358
1359
1360
1360
1360
1360
1361
1363
1363
1363
1364
1364
1364
1365
1365
1366
1366
1366
1366
1366
1367
1369
1369
1370
1370
1371
1371
1371
1372
1372
1373
1373
1373
1373
1373
1374
1375
1376
1376
1377
1377
1377
1378
1378
1378
1379
1380
1380
1381
1381
1381
1382
1382
1383
1383
1384
1384
1384
1385
1385
1386
1387
1387
1387
1387
1387
1388
1388
1388
1388
1390
1390
1391
1391
1391
1391
1392
1392
1392
1392
1392
1393
1393
1394
1396
1396
1396
1396
1397
1398
1399
1399
1399
1400
1401
1401
1401
1401
1403
1403
1403
1403
1404
1404
1404
1405
1406
1406
1407
1408
1408
1408
1409
1410
1410
1410
1410
1411
1413
1414
1414
1415
1417
1418
1418
1419
1419
1420
1420
1421
1421
1421
1422
1422
1422
1423
1423
1424
1425
1425
1425
1426
1426
1427
1427
1428
1428
1428
1428
1430
1430
1430
1431
1431
1432
1432
1432
1433
1433
1434
1434
1435
1435
1436
1436
1436
1438
1438
1438
1439
1440
1440
1441
1441
1442
1442
1443
1443
1445
1445
1445
1446
1447
1447
1447
1448
1448
1450
1450
1451
1452
1452
1452
1453
1453
1454
1455
1456
1456
1456
1457
1457
1459
1460
1461
1461
1461
1461
1462
1462
1462
1462
1463
1463
1464
1464
1465
1467
1468
1469
1469
1470
1471
1471
1471
1472
1472
1472
1475
1475
1476
1476
1478
1478
1478
1479
1479
1480
1480
1480
1481
1481
1481
1482
1482
1482
1483
1483
1483
1484
1484
1486
1486
1486
1487
1488
1489
1490
1490
1490
1491
1492
1492
1493
1494
1494
1495
1495
1496
1496
1496
1496
1497
1497
1497
1498
1499
1499
1499
1501
1501
1501
1502
1502
1504
1504
1504
1506
1506
1507
1507
1511
1512
1512
1512
1513
1513
1513
1514
1516
1516
1518
1521
1522
1523
1523
1524
1524
1524
1525
1525
1526
1526
1526
1526
1527
1527
1527
1528
1529
1530
1530
1530
1531
1532
1532
1533
1535
1536
1537
1538
1539
1539
1540
1540
1541
1541
1542
1542
1542
1543
1543
1544
1546
1547
1547
1549
1550
1551
1551
1552
1554
1554
1554
1556
1557
1558
1559
1560
1561
1562
1562
1563
1566
1567
1567
1567
1568
1568
1568
1568
1569
1570
1570
1570
1570
1571
1571
1573
1573
1574
1574
1574
1575
1575
1576
1577
1578
1579
1579
1579
1580
1581
1581
1581
1583
1583
1583
1584
1584
1587
1587
1588
1589
1590
1590
1591
1591
1592
1594
1594
1595
1595
1595
1596
1598
1598
1599
1599
1599
1600
1601
1601
1602
1602
1602
1603
1603
1604
1604
1604
1604
1604
1606
1606
1606
1607
1611
1611
1611
1612
1612
1614
1615
1617
1619
1619
1620
1621
1621
1622
1622
1623
1623
1625
1626
1627
1628
1630
1630
1631
1632
1632
1634
1634
1634
1634
1635
1635
1635
1636
1637
1639
1640
1640
1640
1640
1641
1642
1643
1644
1645
1646
1647
1647
1648
1649
1649
1651
1651
1655
1655
1655
1656
1656
1656
1656
1657
1657
1657
1658
1659
1660
1660
1661
1661
1661
1661
1661
1662
1664
1665
1666
1666
1666
1666
1667
1667
1668
1668
1669
1669
1669
1670
1670
1671
1671
1674
1674
1674
1675
1676
1677
1677
1678
1678
1678
1679
1680
1681
1681
1681
1682
1683
1685
1686
1686
1688
1688
1689
1689
1689
1690
1690
1691
1691
1692
1693
1694
1695
1695
1697
1698
1699
1700
1700
1701
1701
1702
1702
1702
1703
1703
1705
1705
1705
1707
1707
1708
1708
1713
1713
1713
1714
1714
1715
1715
1715
1715
1716
1717
1717
1719
1719
1719
1719
1720
1720
1721
1722
1722
1723
1723
1724
1724
1724
1725
1726
1726
1726
1726
1731
1731
1732
1732
1732
1733
1733
1734
1735
1736
1737
1738
1739
1740
1741
1742
1743
1743
1744
1744
1745
1745
1746
1746
1746
1746
1747
1747
1748
1748
1749
1751
1755
1755
1755
1758
1758
1758
1759
1759
1759
1760
1761
1762
1763
1763
1764
1764
1768
1769
1770
1770
1770
1771
1771
1773
1773
1773
1773
1776
1776
1776
1777
1778
1779
1779
1779
1780
1782
1783
1784
1784
1787
1787
1791
1793
1794
1795
1796
1796
1797
1798
1799
1800
1801
1802
1802
1803
1804
1804
1804
1805
1805
1805
1806
1809
1810
1812
1814
1815
1817
1818
1819
1819
1821
1823
1823
1823
1824
1825
1826
1826
1827
1827
1828
1828
1829
1831
1831
1831
1831
1833
1835
1836
1837
1837
1838
1841
1843
1844
1844
1844
1844
1844
1845
1845
1846
1847
1847
1847
1848
1848
1848
1849
1849
1850
1851
1851
1851
1852
1855
1855
1857
1857
1859
1859
1863
1864
1865
1865
1865
1868
1869
1870
1871
1871
1872
1876
1877
1877
1878
1879
1883
1884
1884
1885
1886
1887
1888
1888
1889
1891
1891
1893
1894
1895
1898
1899
1900
1900
1901
1901
1902
1903
1905
1907
1907
1908
1909
1910
1911
1918
1918
1919
1920
1921
1923
1924
1925
1926
1930
1931
1935
1935
1936
1938
1939
1939
1939
1940
1941
1941
1942
1944
1945
1947
1947
1949
1949
1949
1950
1950
1952
1955
1956
1956
1959
1959
1962
1963
1964
1965
1969
1970
1971
1971
1976
1978
1978
1978
1980
1981
1981
1982
1984
1991
1993
1994
1994
1995
1997
1997
1999
2000
2002
2003
2003
2003
2006
2006
2007
2007
2008
2009
2010
2010
2011
2016
2016
2018
2018
2023
2025
2025
2026
2026
2028
2030
2030
2030
2031
2034
2035
2036
2036
2037
2039
2044
2046
2048
2050
2050
2053
2053
2054
2054
2055
2057
2060
2060
2061
2062
2063
2063
2065
2070
2073
2074
2076
2077
2078
2078
2081
2082
2082
2082
2085
2086
2088
2088
2089
2089
2090
2091
2096
2096
2096
2097
2098
2100
2102
2102
2105
2108
2120
2120
2121
2122
2123
2127
2129
2136
2137
2137
2139
2141
2141
2143
2143
2144
2145
2147
2147
2150
2152
2152
2153
2153
2154
2157
2162
2163
2164
2165
2165
2166
2166
2172
2175
2176
2180
2187
2190
2191
2195
2196
2196
2196
2197
2197
2198
2199
2199
2199
2200
2201
2202
2203
2203
2205
2206
2206
2208
2212
2212
2216
2216
2218
2220
2220
2221
2223
2225
2225
2225
2226
2226
2228
2231
2234
2244
2246
2252
2254
2254
2256
2258
2258
2258
2259
2260
2260
2261
2264
2264
2265
2266
2267
2267
2271
2272
2275
2277
2282
2283
2283
2283
2288
2290
2292
2294
2300
2300
2301
2302
2304
2306
2306
2307
2308
2314
2315
2320
2322
2322
2324
2325
2329
2330
2333
2333
2333
2335
2337
2338
2338
2339
2340
2341
2352
2354
2357
2360
2360
2361
2361
2363
2366
2368
2369
2373
2375
2377
2378
2378
2378
2380
2382
2388
2388
2389
2392
2394
2395
2397
2398
2399
2401
2402
2405
2406
2406
2407
2409
2410
2410
2410
2410
2416
2416
2417
2423
2424
2426
2427
2430
2430
2436
2439
2440
2449
2450
2451
2455
2458
2460
2461
2466
2466
2469
2472
2473
2473
2478
2479
2481
2483
2484
2484
2488
2488
2489
2492
2493
2496
2498
2499
2502
2504
2508
2510
2512
2513
2513
2516
2521
2521
2523
2524
2530
2533
2533
2533
2534
2537
2538
2538
2541
2541
2546
2551
2552
2553
2557
2560
2563
2564
2565
2566
2566
2570
2571
2575
2576
2581
2585
2587
2590
2592
2594
2600
2601
2604
2605
2606
2612
2612
2612
2613
2616
2621
2624
2624
2626
2627
2630
2630
2632
2634
2638
2641
2643
2644
2648
2650
2653
2654
2654
2657
2659
2663
2664
2666
2667
2670
2674
2677
2682
2684
2688
2689
2689
2691
2694
2696
2697
2699
2706
2709
2712
2718
2718
2719
2724
2725
2727
2728
2729
2733
2738
2739
2741
2744
2746
2746
2747
2748
2749
2750
2753
2753
2755
2758
2761
2762
2764
2765
2766
2768
2770
2777
2778
2783
2786
2787
2792
2793
2799
2800
2800
2804
2805
2808
2809
2809
2809
2814
2819
2819
2821
2832
2846
2849
2850
2850
2852
2853
2855
2856
2859
2860
2862
2864
2865
2867
2867
2868
2870
2873
2876
2877
2884
2885
2886
2887
2887
2890
2892
2893
2893
2896
2899
2901
2912
2916
2922
2923
2926
2926
2930
2932
2934
2937
2941
2946
2958
2959
2961
2962
2962
2964
2966
2975
2981
2983
2984
2984
2985
2986
2988
2988
2992
2992
2994
2998
2998
3000
3004
3006
3009
3017
3022
3023
3030
3031
3039
3039
3044
3045
3054
3055
3056
3058
3060
3063
3065
3068
3072
3077
3083
3091
3093
3094
3106
3107
3108
3109
3112
3118
3119
3128
3128
3138
3139
3143
3146
3149
3150
3159
3162
3164
3167
3170
3175
3177
3178
3182
3184
3188
3190
3191
3191
3192
3196
3196
3200
3213
3214
3233
3237
3239
3240
3243
3246
3251
3257
3267
3268
3269
3271
3272
3274
3275
3285
3286
3287
3296
3299
3311
3313
3315
3316
3320
3327
3335
3340
3342
3342
3344
3348
3349
3353
3359
3359
3360
3364
3364
3366
3373
3374
3385
3387
3391
3403
3405
3406
3407
3408
3408
3412
3417
3418
3424
3433
3456
3460
3461
3467
3478
3501
3503
3510
3514
3515
3519
3524
3533
3539
3540
3540
3548
3582
3586
3586
3589
3591
3596
3597
3598
3619
3623
3641
3641
3644
3660
3675
3677
3681
3685
3686
3691
3695
3705
3707
3714
3719
3727
3734
3740
3741
3745
3767
3775
3778
3787
3789
3792
3798
3803
3807
3808
3820
3846
3847
3849
3854
3856
3858
3861
3877
3880
3882
3889
3901
3924
3990
3993
3996
4007
4014
4033
4033
4037
4049
4052
4057
4065
4070
4071
4073
4076
4081
4092
4093
4099
4103
4117
4139
4149
4158
4160
4170
4183
4198
4201
4205
4206
4213
4217
4238
4238
4253
4261
4285
4292
4296
4339
4346
4350
4378
4391
4391
4420
4425
4453
4455
4456
4457
4465
4477
4493
4493
4506
4517
4540
4550
4568
4572
4589
4590
4612
4614
4622
4630
4642
4653
4669
4671
4677
4689
4696
4702
4717
4750
4782
4794
4798
4837
4850
4855
4880
4905
4910
4929
4940
4946
4961
4965
4983
5046
5049
5053
5055
5056
5065
5106
5108
5127
5130
5134
5148
5242
5269
5279
5291
5301
5303
5308
5313
5321
5339
5397
5435
5460
5472
5473
5497
5503
5526
5535
5535
5562
5567
5573
5580
5584
5614
5627
5632
5642
5657
5723
5734
5746
5759
5902
6007
6016
6028
6054
6092
6111
6115
6130
6131
6153
6165
6187
6219
6222
6229
6237
6262
6264
6268
6285
6304
6347
6353
6358
6411
6423
6430
6459
6511
6515
6540
6572
6701
6714
6719
6737
6760
6802
6831
6837
6864
6886
6893
6902
6915
6944
6947
7062
7113
7201
7271
7346
7353
7380
7430
7441
7457
7466
7482
7523
7559
7612
7681
7697
7705
7719
7754
7830
7867
7907
7948
7966
7976
7999
8005
8072
8294
8420
8519
8524
8710
8728
8737
8765
8880
8893
8930
8936
8969
9084
9192
9225
9290
9413
9423
9647
9912
9948
10079
10159
10174
10196
10259
10799
