306
310
323
326
330
331
333
333
333
335
336
338
339
340
345
346
348
350
351
351
352
353
353
354
355
357
358
358
358
358
359
359
361
361
363
363
366
366
366
367
369
369
369
372
381
381
382
382
383
383
384
384
384
385
386
386
387
388
388
389
389
390
390
391
391
391
391
393
396
397
397
398
398
398
399
399
399
402
402
403
403
404
406
408
409
413
413
420
420
420
420
420
421
421
421
421
421
421
422
422
422
422
422
422
422
422
423
424
424
424
424
424
424
424
424
425
425
425
425
426
426
426
426
427
427
427
427
428
428
428
428
428
428
429
429
429
429
429
430
430
430
430
430
430
431
431
431
431
431
431
431
431
432
432
432
432
432
432
432
432
432
433
433
433
433
433
434
434
434
434
434
434
434
434
434
435
435
435
436
436
436
436
436
436
436
437
437
437
437
437
437
438
438
438
438
438
438
438
438
439
439
440
440
440
440
440
441
441
441
441
441
441
442
442
442
443
443
443
443
443
443
444
444
444
444
444
445
445
445
445
446
446
446
446
446
446
446
446
447
448
448
448
448
448
449
449
449
449
449
449
449
449
450
450
450
450
451
451
451
451
452
452
452
452
453
453
453
453
453
453
453
453
453
453
454
454
454
454
454
454
454
454
454
455
455
455
455
456
456
456
456
457
457
457
458
458
458
458
458
458
458
458
459
459
459
460
460
460
460
460
460
460
461
461
461
462
462
462
462
463
463
463
464
464
464
464
464
465
465
465
465
466
466
466
467
467
467
467
467
467
468
468
468
468
468
469
469
469
469
470
470
470
470
470
471
471
471
471
471
471
472
472
472
472
472
472
472
472
472
472
473
473
473
473
473
474
474
474
474
474
475
475
475
475
475
476
476
476
476
476
476
476
476
476
476
476
477
477
477
477
477
478
478
478
478
478
478
479
479
479
479
479
479
480
480
480
480
480
480
481
481
481
481
481
481
482
482
482
482
482
482
483
483
483
483
483
483
483
483
484
484
484
484
484
484
484
485
485
485
485
486
486
487
487
487
487
487
487
488
488
488
488
488
488
488
488
489
489
489
490
490
491
491
491
491
491
491
492
492
492
492
492
492
492
492
493
493
493
493
494
494
494
494
495
495
495
495
495
495
495
496
496
496
496
496
496
497
497
497
498
498
498
498
498
498
498
499
499
499
499
499
500
500
500
500
500
500
501
501
501
501
501
502
502
502
502
502
503
503
503
503
503
504
504
504
504
504
504
504
505
505
505
505
506
506
506
506
506
506
506
506
507
507
507
507
507
507
507
507
507
507
508
508
508
508
508
508
509
509
509
509
509
509
509
509
510
510
510
510
510
510
511
511
511
511
512
512
512
512
512
512
512
512
512
512
512
513
513
513
514
514
514
514
514
514
514
515
515
515
515
515
515
515
516
516
516
517
517
517
517
517
517
517
518
518
518
518
518
518
519
519
519
519
519
520
520
520
520
521
521
521
521
521
521
521
521
522
522
522
522
522
523
523
523
523
523
523
523
523
523
523
524
524
524
524
524
524
524
524
525
525
525
525
525
525
525
526
526
526
526
526
527
527
527
527
528
528
528
528
528
528
529
529
529
530
530
530
530
530
530
530
531
531
531
531
531
531
531
531
531
531
532
532
532
533
533
533
533
533
534
534
534
534
534
534
534
534
534
535
535
535
535
535
536
536
536
536
536
536
537
537
537
537
537
538
538
538
538
538
539
539
539
539
539
539
539
540
540
541
541
542
542
542
542
542
543
543
543
543
543
543
543
543
543
543
544
544
544
544
544
545
545
545
545
545
545
545
545
545
545
546
546
546
546
546
547
547
548
548
548
549
549
549
549
549
549
549
549
549
549
550
550
550
550
550
550
550
550
551
551
551
551
551
551
551
551
551
552
552
552
552
552
552
552
553
553
553
553
553
554
554
554
554
555
555
556
556
556
556
556
556
556
556
557
557
557
557
557
558
558
558
558
558
558
558
558
558
559
559
559
559
559
559
559
560
560
560
560
560
561
561
561
561
561
561
562
562
562
562
562
562
562
563
563
563
564
564
564
564
564
564
564
564
565
565
565
565
565
565
565
566
566
566
566
567
567
567
567
568
568
568
568
568
568
569
569
569
569
569
569
569
569
570
570
571
571
571
571
572
572
572
572
573
573
573
573
574
574
574
574
574
574
574
574
574
575
575
575
575
575
575
575
575
575
575
575
575
576
576
576
577
577
577
577
577
577
578
578
578
578
579
579
580
580
580
580
581
581
581
581
581
581
582
582
582
582
583
583
584
584
584
584
584
584
584
585
585
585
585
585
585
585
585
586
586
586
586
586
586
586
587
587
587
587
587
587
588
588
588
588
588
588
589
589
589
589
589
589
589
589
589
590
590
590
590
590
591
591
591
591
591
592
592
592
592
592
592
593
593
593
594
594
594
594
594
594
595
595
595
595
595
595
595
596
596
596
596
596
596
596
596
596
597
597
597
597
597
597
597
597
597
598
598
598
598
598
598
598
598
598
599
599
599
599
599
599
600
600
600
600
600
600
601
601
601
601
601
601
601
601
601
601
601
601
602
602
602
602
602
603
603
603
603
603
603
603
603
603
604
604
604
604
604
604
604
605
605
605
605
605
605
605
605
605
606
606
606
606
606
606
606
607
607
607
607
607
608
608
608
608
608
608
608
609
609
609
609
609
609
609
609
610
610
610
610
610
610
610
611
611
611
611
611
611
611
611
611
611
611
612
612
612
612
612
612
612
613
613
613
613
614
614
614
614
614
614
615
615
615
615
615
615
615
615
616
616
617
617
617
617
617
617
618
618
618
618
618
618
618
618
618
619
619
619
619
619
619
619
619
619
619
619
620
620
620
620
620
620
620
621
621
621
621
621
621
621
622
622
622
622
623
623
623
623
623
623
623
624
624
624
624
624
624
624
625
625
625
625
625
626
626
626
626
626
627
627
627
627
627
627
627
627
627
627
628
628
628
628
628
629
629
629
629
629
629
629
629
630
630
630
630
630
631
631
631
631
631
631
631
632
632
632
632
632
632
633
633
633
633
634
634
634
635
635
635
635
635
636
636
636
636
636
636
636
637
637
637
637
637
637
638
638
638
638
638
638
638
638
638
639
639
639
639
639
639
639
639
640
640
640
640
640
640
641
641
641
641
641
641
641
641
641
642
642
642
642
642
642
642
642
643
643
643
643
643
643
644
644
644
644
644
644
644
645
645
645
645
646
646
646
646
646
647
647
647
648
648
648
648
649
649
649
649
649
650
650
650
651
651
652
652
652
652
652
653
653
653
653
654
654
654
654
654
654
654
654
654
655
655
655
655
655
655
655
656
656
656
656
656
656
657
657
657
657
657
658
658
658
658
658
658
659
659
659
659
659
660
660
660
660
660
660
660
661
661
661
662
662
662
662
662
662
662
662
663
663
663
663
664
664
664
665
665
665
665
665
665
665
665
665
666
666
666
666
666
666
666
666
667
667
667
667
667
667
667
668
668
668
668
668
668
669
669
669
669
669
669
669
669
669
669
670
670
670
670
670
670
671
671
671
671
672
672
672
672
672
672
673
673
673
673
674
674
674
674
675
675
675
675
675
676
676
676
676
676
676
676
676
676
677
677
677
677
677
677
677
677
677
677
678
678
678
678
678
678
678
679
679
679
680
680
680
680
680
680
681
681
681
681
681
681
682
682
682
682
683
683
683
683
683
683
684
684
685
685
685
685
685
685
685
685
685
685
686
686
686
686
686
687
687
688
688
688
688
688
688
688
688
688
688
689
689
689
690
690
691
691
691
691
691
691
691
691
692
692
692
692
692
692
692
692
693
693
693
693
693
693
693
693
693
693
694
694
694
694
694
694
695
695
695
696
696
696
696
696
696
696
696
697
697
697
697
697
698
698
698
698
698
698
698
698
699
699
699
699
699
699
699
699
700
700
700
700
700
700
701
701
701
701
701
701
701
701
701
701
702
702
702
702
702
702
702
702
703
703
703
703
703
704
704
704
704
704
704
704
705
705
705
705
705
705
706
706
706
706
706
706
707
707
707
707
707
707
708
708
708
708
708
708
708
708
708
709
709
709
709
709
709
710
710
710
710
711
711
711
712
712
712
712
712
713
713
713
713
714
714
715
715
715
716
716
716
716
716
717
717
717
717
717
717
717
717
718
718
718
718
718
718
718
718
718
718
719
719
719
720
720
720
720
720
720
720
720
721
721
721
721
721
721
722
722
722
722
722
723
723
723
723
723
723
723
723
723
724
724
724
724
724
724
724
724
724
724
725
725
725
725
725
725
725
725
725
725
726
726
726
726
727
727
727
727
727
727
727
728
728
728
728
728
728
728
728
728
728
729
729
729
729
729
729
729
729
729
729
730
730
730
731
731
731
731
731
732
732
732
732
732
732
733
733
733
733
733
733
733
734
734
734
734
734
734
735
736
736
736
736
737
737
737
737
737
737
737
738
738
738
738
738
739
739
739
739
739
740
740
740
740
741
741
741
742
742
742
742
742
742
742
742
743
743
743
743
743
743
743
744
744
744
744
744
744
745
745
746
746
746
746
746
747
747
747
747
747
747
748
748
748
748
748
748
748
748
749
749
749
749
749
749
749
750
750
750
750
750
750
750
751
751
751
751
752
752
753
753
753
753
753
754
754
754
754
754
754
754
754
754
755
755
755
755
755
755
755
755
756
756
756
756
756
756
757
757
757
757
757
757
757
758
758
759
759
759
759
759
759
759
759
759
760
760
761
761
761
761
761
762
762
762
762
762
762
762
762
763
763
763
763
763
764
764
764
764
764
764
765
765
765
765
765
765
765
766
766
766
767
767
767
767
768
768
768
768
769
769
769
769
769
769
770
770
770
770
770
770
770
770
771
771
772
772
773
773
773
773
774
774
775
775
775
775
775
775
775
775
776
776
776
776
776
777
777
777
777
777
777
777
777
777
777
778
778
778
778
778
778
778
779
779
779
779
779
779
779
779
780
780
780
780
780
781
781
781
781
781
782
782
782
782
782
782
782
783
783
783
783
783
783
784
784
784
784
785
785
785
785
785
785
785
785
785
785
786
786
786
786
786
786
786
787
787
787
787
787
787
788
788
788
789
789
789
789
789
790
790
790
790
790
790
790
791
791
791
791
791
791
791
791
791
792
792
792
792
792
793
793
793
793
793
793
794
794
794
794
794
794
794
794
795
795
795
795
795
796
796
796
796
796
796
796
797
797
797
797
797
798
798
798
798
798
798
798
798
798
799
799
799
800
800
800
800
800
800
800
800
801
802
802
802
803
803
803
803
804
804
804
804
804
804
805
805
805
805
805
805
806
806
806
806
806
806
806
807
807
807
807
807
807
807
807
808
808
808
809
809
809
809
809
809
809
809
810
810
810
810
810
810
811
811
811
811
812
812
812
812
812
813
813
813
813
813
813
814
814
814
814
814
814
814
814
814
814
815
815
815
815
815
815
816
816
817
817
817
817
818
818
818
818
818
819
819
819
819
820
820
820
820
821
821
821
821
821
821
821
821
822
822
822
822
822
823
823
823
823
823
823
824
824
824
824
824
824
825
825
826
826
826
827
827
827
827
827
828
828
828
828
829
829
829
830
830
830
830
830
830
830
830
831
831
831
831
831
831
832
832
833
833
833
833
834
834
834
834
834
835
835
835
835
835
835
835
835
836
836
836
836
836
837
837
837
837
837
837
837
837
837
838
838
838
838
838
838
838
838
839
839
839
839
839
839
839
840
840
840
840
840
840
840
840
841
841
841
841
841
842
842
842
842
843
843
843
844
844
844
845
845
845
846
846
846
846
846
846
846
847
847
847
847
847
847
848
848
848
848
849
849
849
849
850
850
850
850
850
850
851
851
851
851
851
851
851
852
852
852
852
853
853
853
853
853
854
854
854
854
854
854
854
854
854
854
854
855
855
855
855
855
855
855
855
856
856
856
857
857
857
857
857
857
857
858
858
858
858
859
859
860
860
860
860
861
861
861
861
862
862
862
862
863
863
863
864
864
864
865
865
865
865
866
866
866
866
866
866
868
868
868
868
868
868
869
869
870
870
870
871
871
871
871
872
872
872
872
872
872
872
872
873
873
874
874
874
874
874
874
874
875
875
875
876
876
876
876
876
876
877
877
877
877
877
877
878
878
878
878
878
878
878
878
878
879
879
879
879
879
879
879
879
880
880
880
881
881
881
881
881
881
881
881
881
881
881
881
881
881
882
882
882
882
882
882
883
883
883
883
883
883
883
884
884
884
885
885
885
885
885
886
886
886
886
886
886
886
886
887
887
887
887
888
888
888
888
889
889
889
889
889
889
889
889
889
890
890
890
890
891
891
891
891
891
891
891
892
892
892
892
892
892
892
892
893
893
893
893
893
893
893
893
894
894
894
894
895
895
895
895
896
896
896
896
896
896
897
897
898
898
898
898
898
898
899
899
899
899
899
899
900
900
900
900
900
900
901
901
901
901
901
901
901
902
902
902
903
903
903
903
903
903
903
904
904
904
904
904
904
904
904
904
904
904
905
905
905
905
905
905
906
906
906
906
906
906
906
906
906
907
907
907
908
908
908
908
908
908
908
909
909
909
910
910
910
910
910
910
910
910
911
911
911
911
911
912
912
913
914
914
914
914
914
914
914
914
914
914
914
914
914
914
915
915
915
915
916
916
916
917
917
917
917
917
917
917
918
918
918
918
918
919
919
919
919
919
919
919
919
920
920
920
920
920
921
921
921
921
921
921
921
921
922
923
923
923
923
924
924
924
924
924
924
925
926
926
926
926
926
927
927
927
927
927
927
928
928
928
928
928
928
929
929
929
929
929
929
930
930
930
930
930
930
931
931
931
931
932
932
933
933
933
933
933
934
934
934
934
934
934
934
934
934
935
935
935
936
936
936
936
936
936
937
937
937
938
938
938
938
938
938
938
938
939
939
939
939
939
940
940
940
940
940
940
941
941
941
941
942
942
942
942
942
942
942
942
942
942
943
943
943
943
943
943
943
944
944
944
945
945
946
946
946
946
946
946
947
947
947
947
947
947
947
947
947
948
948
948
948
948
948
949
949
949
949
949
949
950
950
950
950
950
950
950
950
951
951
951
952
952
952
952
952
952
953
953
953
954
954
954
954
955
955
956
956
956
956
956
956
956
957
957
958
958
958
959
959
959
960
960
960
960
961
961
961
961
962
962
962
962
962
962
962
962
963
963
963
963
963
963
963
963
963
964
964
964
964
964
965
965
965
965
966
966
966
966
966
966
966
966
966
966
966
967
967
967
967
967
968
968
968
968
968
968
968
969
969
969
970
971
971
971
971
971
972
972
972
972
973
973
974
974
974
974
974
974
974
974
974
975
975
975
975
975
975
975
976
976
977
977
977
977
977
977
977
977
978
978
979
979
979
979
979
979
980
980
980
980
980
980
981
981
981
981
981
981
982
982
982
982
983
983
984
984
984
984
985
985
985
985
985
985
986
986
986
986
986
986
986
987
987
987
987
987
987
987
987
988
988
988
988
989
989
989
989
990
990
991
991
991
991
992
992
992
992
992
993
993
993
993
994
994
994
994
995
995
995
995
995
996
996
996
996
996
996
996
997
997
997
997
997
998
998
999
999
999
1000
1000
1000
1000
1000
1000
1000
1001
1001
1001
1001
1001
1001
1002
1002
1002
1003
1003
1003
1004
1004
1004
1004
1005
1005
1005
1006
1006
1006
1006
1007
1007
1008
1008
1008
1008
1008
1009
1009
1009
1009
1010
1010
1010
1010
1011
1012
1012
1012
1012
1013
1013
1013
1014
1015
1015
1015
1015
1015
1016
1016
1016
1016
1017
1017
1017
1017
1017
1017
1017
1017
1018
1018
1018
1018
1018
1018
1019
1019
1019
1019
1020
1020
1020
1020
1020
1021
1022
1022
1022
1022
1022
1023
1023
1023
1023
1023
1024
1024
1024
1024
1024
1025
1025
1025
1026
1026
1026
1026
1027
1027
1027
1028
1029
1029
1029
1029
1030
1030
1030
1030
1030
1031
1031
1032
1032
1032
1033
1034
1034
1034
1034
1034
1035
1035
1035
1035
1035
1035
1036
1036
1037
1037
1037
1037
1037
1038
1038
1038
1038
1038
1038
1039
1039
1039
1039
1041
1041
1041
1041
1042
1042
1042
1043
1043
1043
1043
1043
1044
1044
1044
1044
1044
1044
1045
1045
1045
1045
1045
1046
1046
1046
1046
1046
1046
1046
1046
1046
1046
1046
1047
1047
1047
1047
1047
1047
1048
1048
1049
1049
1049
1049
1050
1050
1050
1050
1050
1051
1051
1051
1051
1051
1052
1052
1052
1052
1052
1052
1053
1053
1053
1053
1053
1053
1053
1054
1054
1054
1054
1054
1054
1055
1055
1055
1055
1055
1056
1056
1056
1057
1058
1058
1058
1058
1058
1058
1058
1058
1059
1059
1059
1059
1059
1060
1060
1060
1060
1060
1060
1061
1061
1061
1061
1061
1061
1061
1062
1062
1062
1062
1063
1063
1063
1064
1064
1064
1064
1064
1065
1065
1066
1066
1067
1067
1068
1068
1068
1068
1068
1068
1069
1069
1069
1069
1069
1069
1069
1069
1070
1071
1071
1071
1071
1072
1072
1072
1072
1072
1073
1073
1073
1074
1074
1074
1074
1074
1074
1075
1075
1075
1075
1075
1075
1075
1075
1075
1075
1075
1076
1077
1077
1077
1078
1078
1078
1078
1078
1079
1079
1079
1079
1080
1080
1080
1080
1081
1081
1081
1081
1081
1081
1081
1081
1081
1082
1082
1082
1082
1082
1083
1083
1083
1084
1084
1084
1085
1085
1085
1085
1085
1085
1086
1086
1087
1087
1087
1087
1088
1088
1088
1088
1089
1089
1090
1090
1090
1090
1090
1091
1091
1091
1091
1091
1091
1091
1092
1092
1092
1093
1093
1093
1094
1094
1094
1094
1094
1094
1095
1095
1096
1096
1096
1096
1096
1096
1097
1097
1098
1098
1099
1099
1099
1099
1099
1099
1099
1100
1100
1100
1100
1100
1100
1100
1100
1100
1100
1101
1101
1101
1101
1101
1102
1102
1102
1102
1102
1103
1103
1103
1103
1104
1104
1106
1106
1106
1106
1106
1106
1107
1107
1107
1107
1107
1108
1108
1108
1108
1108
1108
1108
1109
1109
1109
1109
1109
1110
1110
1110
1110
1111
1111
1111
1111
1112
1112
1112
1112
1112
1112
1112
1112
1113
1113
1113
1114
1114
1114
1114
1114
1114
1114
1115
1115
1115
1115
1115
1115
1116
1116
1116
1116
1117
1117
1117
1117
1118
1118
1119
1119
1120
1120
1120
1120
1120
1121
1121
1122
1122
1122
1123
1123
1123
1123
1123
1123
1124
1124
1124
1124
1124
1124
1125
1125
1126
1126
1126
1126
1126
1127
1127
1127
1127
1128
1128
1129
1129
1129
1129
1129
1129
1129
1129
1129
1130
1130
1130
1130
1130
1130
1131
1131
1131
1131
1132
1132
1132
1132
1132
1132
1132
1133
1133
1133
1133
1133
1133
1133
1133
1134
1134
1134
1134
1135
1135
1135
1136
1136
1136
1137
1137
1137
1138
1138
1138
1139
1139
1139
1139
1140
1140
1141
1141
1141
1141
1141
1141
1141
1141
1142
1142
1142
1143
1143
1143
1143
1143
1143
1143
1144
1144
1144
1144
1145
1145
1145
1145
1145
1146
1146
1146
1146
1146
1147
1147
1147
1147
1148
1148
1148
1149
1149
1149
1149
1149
1149
1149
1150
1150
1151
1151
1151
1151
1151
1152
1152
1152
1152
1152
1152
1152
1153
1153
1153
1154
1154
1154
1154
1154
1154
1154
1154
1154
1154
1155
1155
1155
1155
1155
1155
1156
1156
1156
1156
1156
1157
1157
1157
1159
1159
1159
1159
1159
1161
1161
1161
1161
1162
1162
1162
1162
1162
1163
1164
1164
1164
1165
1165
1165
1165
1166
1166
1166
1166
1167
1167
1167
1167
1167
1167
1167
1168
1168
1168
1168
1168
1168
1169
1169
1169
1169
1170
1170
1170
1171
1171
1172
1172
1173
1173
1173
1173
1173
1174
1174
1174
1174
1174
1174
1174
1174
1175
1175
1175
1175
1176
1176
1176
1176
1177
1177
1177
1178
1178
1178
1178
1178
1179
1179
1179
1179
1179
1179
1180
1180
1180
1180
1180
1181
1181
1181
1181
1182
1182
1182
1182
1182
1182
1182
1183
1183
1183
1184
1184
1184
1184
1184
1185
1185
1185
1185
1186
1186
1186
1186
1187
1187
1187
1188
1189
1189
1190
1190
1191
1191
1191
1191
1192
1192
1192
1192
1193
1193
1193
1193
1194
1194
1195
1195
1195
1195
1195
1196
1196
1196
1197
1197
1197
1198
1198
1198
1199
1200
1200
1200
1201
1201
1201
1201
1201
1201
1202
1202
1202
1202
1202
1203
1203
1203
1204
1205
1205
1205
1205
1205
1206
1206
1206
1206
1207
1207
1207
1207
1208
1208
1208
1208
1209
1209
1209
1209
1210
1210
1210
1210
1210
1210
1211
1211
1211
1212
1212
1213
1213
1215
1215
1216
1216
1217
1217
1217
1218
1218
1218
1220
1220
1221
1221
1221
1221
1221
1221
1222
1222
1222
1223
1223
1223
1224
1224
1224
1224
1224
1225
1225
1225
1225
1225
1225
1225
1226
1226
1226
1227
1227
1228
1228
1228
1229
1229
1229
1229
1229
1230
1230
1230
1231
1231
1232
1232
1232
1232
1233
1233
1233
1233
1234
1234
1234
1235
1235
1235
1235
1236
1236
1237
1238
1238
1239
1239
1240
1240
1240
1241
1241
1241
1242
1242
1242
1243
1243
1244
1244
1245
1245
1245
1246
1247
1247
1248
1248
1249
1250
1250
1250
1250
1251
1251
1251
1251
1252
1252
1252
1252
1253
1253
1253
1253
1254
1254
1255
1256
1256
1257
1257
1257
1257
1257
1258
1258
1258
1258
1258
1258
1259
1259
1259
1260
1260
1260
1260
1260
1261
1261
1261
1262
1262
1263
1263
1263
1263
1263
1264
1264
1264
1264
1264
1265
1265
1265
1265
1266
1266
1266
1267
1267
1268
1268
1269
1269
1270
1272
1272
1272
1272
1272
1273
1273
1274
1274
1274
1275
1275
1275
1275
1275
1276
1277
1277
1277
1277
1277
1277
1277
1279
1279
1279
1279
1280
1280
1280
1281
1281
1281
1282
1282
1283
1283
1284
1284
1284
1284
1285
1285
1285
1285
1286
1287
1287
1287
1287
1287
1287
1288
1288
1289
1290
1290
1291
1291
1291
1292
1292
1292
1292
1292
1293
1293
1293
1293
1293
1294
1294
1294
1294
1295
1295
1296
1296
1296
1297
1298
1298
1298
1299
1299
1299
1299
1300
1300
1300
1301
1301
1301
1301
1301
1303
1303
1304
1305
1306
1306
1307
1307
1307
1307
1307
1308
1308
1308
1308
1308
1309
1309
1310
1310
1310
1311
1311
1312
1313
1313
1313
1313
1313
1314
1314
1315
1315
1315
1315
1315
1315
1316
1317
1317
1317
1318
1318
1319
1319
1319
1320
1320
1320
1320
1321
1323
1324
1324
1324
1324
1325
1325
1325
1325
1326
1326
1326
1326
1327
1327
1327
1327
1328
1329
1330
1330
1331
1332
1332
1332
1333
1333
1334
1335
1336
1336
1336
1336
1337
1338
1339
1339
1340
1340
1340
1340
1340
1340
1341
1342
1342
1342
1342
1343
1343
1343
1343
1343
1344
1344
1344
1344
1345
1345
1346
1346
1346
1346
1347
1347
1349
1349
1350
1350
1350
1351
1351
1351
1351
1351
1351
1351
1352
1352
1353
1353
1353
1353
1354
1354
1354
1355
1355
1355
1356
1356
1356
1356
1356
1356
1357
1357
1357
1357
1357
1358
1358
1358
1358
1359
1360
1360
1360
1362
1362
1362
1363
1363
1363
1364
1364
1364
1364
1364
1364
1365
1365
1366
1366
1366
1367
1367
1367
1367
1368
1369
1370
1371
1371
1371
1371
1372
1372
1372
1372
1373
1373
1373
1373
1375
1375
1376
1377
1377
1378
1378
1379
1380
1380
1380
1380
1381
1381
1383
1384
1384
1384
1385
1386
1386
1387
1388
1388
1389
1391
1391
1391
1391
1391
1392
1393
1393
1393
1393
1393
1393
1394
1394
1394
1394
1395
1395
1395
1395
1396
1396
1396
1397
1397
1397
1397
1397
1397
1399
1400
1401
1401
1401
1402
1402
1402
1402
1403
1403
1403
1404
1406
1406
1406
1406
1407
1408
1408
1409
1409
1409
1411
1411
1412
1412
1413
1413
1414
1414
1414
1414
1415
1415
1416
1416
1416
1417
1417
1417
1418
1418
1418
1419
1420
1420
1420
1421
1421
1421
1422
1422
1422
1423
1424
1424
1425
1425
1425
1425
1425
1426
1426
1426
1426
1427
1427
1428
1428
1428
1428
1428
1428
1429
1430
1430
1430
1430
1431
1431
1431
1431
1432
1432
1432
1433
1433
1433
1434
1434
1434
1435
1436
1437
1438
1438
1439
1439
1439
1439
1440
1440
1441
1441
1442
1442
1442
1443
1443
1444
1444
1444
1444
1445
1447
1447
1447
1448
1448
1449
1449
1450
1450
1450
1451
1451
1451
1451
1452
1453
1453
1455
1455
1455
1457
1457
1457
1458
1458
1459
1460
1460
1461
1461
1461
1462
1464
1466
1466
1467
1467
1467
1467
1468
1468
1468
1469
1469
1469
1469
1470
1470
1471
1472
1472
1472
1472
1472
1473
1474
1474
1475
1475
1475
1476
1476
1476
1477
1477
1478
1478
1478
1478
1479
1480
1480
1481
1482
1484
1484
1485
1485
1486
1486
1486
1487
1487
1487
1487
1488
1488
1488
1488
1489
1489
1490
1491
1491
1493
1493
1495
1496
1496
1496
1496
1496
1497
1497
1497
1498
1498
1499
1499
1499
1499
1500
1501
1502
1503
1503
1503
1504
1504
1504
1505
1505
1505
1509
1510
1511
1512
1512
1513
1513
1514
1515
1515
1515
1516
1516
1516
1516
1517
1517
1517
1519
1520
1520
1520
1520
1521
1521
1521
1521
1522
1522
1522
1523
1523
1524
1524
1524
1524
1524
1526
1527
1529
1530
1531
1531
1531
1533
1533
1534
1534
1535
1536
1536
1536
1537
1537
1537
1537
1538
1538
1538
1539
1540
1540
1540
1541
1541
1542
1542
1543
1543
1543
1544
1545
1545
1545
1546
1547
1548
1548
1548
1549
1550
1550
1551
1551
1551
1552
1552
1554
1554
1554
1554
1555
1555
1555
1556
1556
1557
1557
1557
1558
1558
1558
1558
1559
1559
1559
1559
1559
1559
1560
1560
1560
1560
1561
1561
1563
1563
1563
1564
1564
1564
1564
1565
1565
1568
1568
1568
1568
1568
1569
1569
1569
1570
1570
1570
1570
1570
1570
1571
1572
1574
1574
1575
1575
1575
1576
1577
1577
1577
1578
1578
1579
1580
1581
1581
1581
1581
1581
1582
1583
1583
1584
1585
1585
1587
1588
1588
1588
1588
1589
1589
1589
1590
1590
1591
1592
1593
1593
1593
1593
1594
1594
1595
1595
1595
1595
1597
1598
1598
1599
1600
1601
1602
1602
1602
1603
1603
1603
1604
1604
1606
1607
1608
1610
1611
1612
1613
1613
1613
1614
1614
1615
1615
1616
1616
1617
1618
1619
1619
1620
1620
1621
1621
1622
1622
1622
1623
1623
1623
1624
1624
1624
1624
1624
1624
1625
1627
1627
1628
1628
1628
1629
1629
1629
1630
1630
1630
1631
1633
1634
1634
1634
1635
1635
1635
1635
1635
1635
1636
1637
1637
1639
1640
1641
1641
1641
1641
1643
1645
1645
1645
1647
1648
1649
1649
1650
1650
1650
1650
1654
1654
1655
1655
1655
1656
1657
1658
1658
1659
1660
1660
1660
1661
1661
1662
1663
1663
1663
1663
1663
1664
1664
1665
1665
1667
1667
1667
1668
1668
1668
1669
1670
1671
1671
1671
1672
1672
1672
1672
1673
1673
1674
1674
1674
1674
1674
1675
1675
1675
1676
1676
1677
1677
1679
1679
1679
1679
1680
1680
1680
1681
1681
1681
1682
1682
1682
1683
1684
1685
1686
1688
1688
1689
1689
1690
1690
1691
1693
1695
1696
1696
1697
1697
1698
1698
1701
1702
1703
1703
1705
1705
1705
1706
1706
1708
1709
1709
1709
1710
1710
1711
1711
1712
1713
1713
1714
1714
1715
1715
1715
1716
1716
1716
1718
1718
1718
1718
1719
1719
1719
1719
1720
1720
1720
1721
1722
1724
1725
1725
1726
1727
1727
1728
1728
1730
1730
1731
1731
1732
1732
1732
1732
1734
1735
1735
1735
1737
1738
1739
1739
1740
1740
1740
1741
1741
1742
1742
1744
1744
1745
1745
1745
1746
1747
1749
1749
1749
1750
1750
1751
1752
1752
1752
1754
1754
1754
1754
1754
1755
1755
1755
1755
1757
1758
1759
1761
1762
1762
1763
1763
1764
1765
1766
1766
1766
1767
1767
1768
1769
1769
1770
1770
1771
1775
1775
1775
1776
1776
1777
1777
1777
1777
1778
1779
1779
1779
1780
1780
1780
1784
1785
1785
1786
1786
1786
1787
1788
1790
1790
1790
1791
1791
1792
1793
1795
1796
1797
1798
1799
1800
1800
1803
1803
1804
1804
1808
1809
1810
1811
1811
1812
1812
1812
1813
1813
1814
1814
1814
1815
1815
1817
1821
1823
1825
1826
1826
1826
1826
1828
1828
1829
1829
1830
1832
1833
1834
1834
1840
1841
1841
1842
1842
1842
1842
1842
1842
1843
1843
1844
1845
1845
1846
1847
1849
1849
1852
1852
1852
1852
1853
1853
1854
1854
1855
1855
1855
1856
1857
1857
1857
1857
1858
1861
1861
1862
1862
1863
1868
1869
1869
1871
1872
1872
1874
1874
1875
1876
1877
1878
1879
1879
1880
1881
1883
1884
1884
1884
1884
1885
1886
1886
1887
1887
1887
1889
1890
1890
1893
1895
1896
1897
1898
1898
1898
1898
1900
1902
1903
1904
1904
1904
1905
1906
1906
1908
1909
1910
1911
1912
1912
1913
1915
1915
1916
1916
1919
1919
1920
1920
1921
1921
1922
1922
1923
1923
1924
1925
1925
1926
1926
1926
1927
1928
1928
1929
1934
1934
1935
1936
1936
1936
1936
1936
1939
1939
1940
1940
1942
1942
1945
1946
1947
1947
1948
1949
1950
1954
1956
1957
1958
1960
1960
1960
1960
1962
1963
1963
1964
1964
1965
1967
1967
1968
1973
1973
1974
1975
1976
1977
1977
1978
1978
1979
1980
1980
1981
1982
1983
1986
1986
1987
1988
1990
1994
1995
1996
1997
1997
1997
1999
2001
2001
2002
2003
2005
2005
2006
2006
2007
2007
2010
2011
2012
2012
2015
2017
2018
2018
2018
2019
2019
2020
2023
2025
2027
2027
2027
2029
2029
2030
2032
2034
2036
2037
2037
2038
2038
2038
2039
2041
2042
2042
2043
2043
2043
2043
2044
2046
2046
2047
2047
2048
2048
2051
2051
2054
2055
2056
2057
2057
2059
2060
2061
2061
2062
2062
2062
2063
2064
2066
2067
2067
2069
2070
2070
2071
2074
2075
2076
2077
2078
2078
2080
2080
2082
2083
2084
2085
2087
2087
2087
2092
2093
2094
2094
2097
2098
2099
2102
2103
2104
2104
2105
2105
2106
2106
2106
2107
2107
2108
2108
2108
2109
2109
2112
2114
2115
2115
2117
2118
2118
2118
2119
2119
2120
2121
2122
2122
2124
2127
2127
2128
2129
2131
2132
2133
2133
2133
2136
2140
2140
2141
2141
2141
2145
2146
2146
2147
2147
2149
2150
2151
2153
2154
2156
2156
2156
2157
2158
2159
2159
2161
2161
2163
2163
2168
2168
2169
2169
2170
2170
2174
2175
2179
2180
2185
2185
2187
2188
2195
2195
2199
2199
2203
2206
2207
2207
2208
2209
2216
2218
2218
2219
2219
2221
2222
2222
2224
2227
2228
2228
2229
2229
2230
2230
2231
2231
2235
2237
2237
2237
2241
2242
2242
2244
2247
2250
2251
2252
2253
2256
2257
2258
2261
2261
2262
2263
2263
2264
2264
2265
2265
2265
2269
2278
2278
2280
2283
2283
2284
2285
2285
2285
2288
2288
2290
2290
2291
2293
2295
2295
2297
2297
2299
2300
2301
2303
2303
2306
2306
2310
2312
2316
2318
2319
2322
2323
2323
2324
2325
2325
2326
2326
2327
2328
2328
2329
2334
2336
2340
2342
2343
2344
2345
2348
2350
2350
2350
2351
2359
2363
2363
2364
2364
2366
2366
2370
2370
2371
2372
2372
2372
2373
2374
2376
2377
2377
2379
2384
2384
2385
2387
2387
2392
2393
2393
2395
2395
2395
2397
2397
2397
2399
2400
2402
2405
2406
2407
2408
2409
2411
2411
2411
2412
2414
2417
2420
2426
2427
2427
2430
2430
2431
2432
2437
2438
2439
2440
2440
2440
2441
2441
2441
2442
2443
2443
2444
2446
2448
2448
2450
2453
2460
2461
2461
2461
2461
2462
2462
2462
2464
2464
2465
2466
2467
2470
2471
2472
2473
2473
2473
2475
2476
2477
2478
2479
2481
2482
2483
2483
2484
2485
2485
2487
2488
2488
2490
2490
2492
2494
2495
2495
2496
2499
2500
2501
2505
2508
2509
2510
2510
2511
2514
2516
2517
2520
2524
2527
2528
2529
2529
2532
2533
2533
2535
2535
2541
2541
2545
2546
2546
2553
2555
2556
2558
2558
2562
2563
2564
2565
2566
2568
2570
2572
2573
2574
2576
2579
2579
2580
2580
2582
2583
2584
2585
2586
2586
2588
2593
2596
2596
2606
2608
2608
2609
2611
2612
2613
2616
2616
2617
2619
2620
2622
2623
2625
2629
2633
2637
2638
2640
2641
2643
2644
2646
2648
2649
2651
2652
2652
2653
2654
2655
2657
2658
2660
2660
2663
2667
2669
2669
2674
2679
2680
2683
2685
2685
2687
2690
2693
2700
2700
2705
2705
2708
2708
2709
2712
2714
2714
2715
2717
2723
2724
2724
2725
2726
2727
2728
2729
2732
2735
2738
2738
2738
2744
2745
2746
2750
2751
2755
2756
2756
2761
2763
2766
2766
2768
2768
2768
2769
2777
2781
2782
2782
2783
2784
2785
2786
2788
2790
2797
2798
2799
2800
2801
2809
2813
2813
2818
2819
2821
2826
2830
2832
2836
2837
2838
2842
2845
2845
2847
2847
2848
2848
2851
2854
2858
2860
2865
2867
2869
2869
2871
2871
2875
2875
2877
2879
2879
2880
2882
2884
2886
2887
2888
2889
2893
2896
2897
2914
2915
2920
2920
2923
2928
2928
2929
2929
2930
2931
2935
2936
2937
2937
2938
2942
2943
2947
2947
2952
2955
2956
2959
2962
2963
2967
2970
2970
2975
2976
2978
2980
2982
2983
2984
2989
2991
2991
2999
3000
3001
3014
3016
3018
3021
3024
3027
3030
3034
3034
3039
3039
3040
3043
3049
3049
3051
3053
3053
3054
3056
3061
3062
3062
3062
3067
3068
3072
3073
3076
3078
3078
3082
3082
3084
3085
3089
3097
3105
3105
3106
3111
3120
3123
3124
3124
3127
3132
3133
3134
3135
3137
3138
3140
3145
3145
3145
3148
3149
3151
3153
3154
3155
3156
3159
3160
3160
3161
3162
3165
3166
3166
3167
3172
3173
3175
3181
3182
3184
3197
3199
3202
3203
3207
3209
3211
3213
3215
3218
3219
3220
3221
3221
3222
3223
3227
3229
3230
3231
3233
3235
3236
3240
3242
3242
3246
3257
3267
3267
3273
3273
3278
3283
3283
3290
3290
3292
3297
3300
3302
3306
3307
3314
3316
3318
3321
3322
3324
3325
3325
3327
3331
3331
3335
3341
3343
3348
3349
3349
3355
3361
3363
3367
3372
3373
3374
3376
3391
3391
3391
3396
3397
3405
3405
3405
3409
3410
3412
3415
3419
3419
3421
3422
3434
3437
3440
3447
3448
3459
3459
3460
3460
3461
3466
3469
3470
3472
3479
3485
3486
3489
3497
3516
3520
3525
3529
3535
3541
3542
3543
3543
3550
3551
3563
3569
3571
3571
3571
3572
3576
3593
3594
3598
3600
3600
3603
3605
3606
3610
3610
3615
3618
3619
3619
3620
3625
3627
3628
3634
3634
3638
3648
3650
3653
3658
3658
3668
3672
3676
3680
3681
3681
3693
3698
3699
3706
3711
3711
3713
3714
3716
3722
3722
3724
3728
3728
3729
3731
3732
3738
3747
3748
3749
3752
3752
3754
3764
3766
3772
3781
3783
3785
3786
3792
3792
3795
3797
3800
3801
3812
3824
3838
3844
3849
3850
3856
3859
3859
3862
3863
3867
3877
3889
3893
3896
3904
3904
3915
3919
3922
3927
3928
3932
3932
3939
3939
3941
3973
3975
3982
3989
4006
4009
4011
4015
4018
4020
4025
4027
4029
4047
4050
4053
4062
4073
4077
4078
4079
4081
4083
4104
4106
4111
4116
4127
4129
4131
4150
4157
4158
4158
4162
4164
4171
4171
4187
4191
4192
4207
4211
4211
4221
4238
4259
4262
4263
4264
4267
4275
4283
4327
4329
4340
4347
4348
4353
4357
4361
4365
4373
4381
4389
4392
4408
4408
4417
4443
4451
4464
4466
4471
4479
4484
4484
4496
4516
4525
4527
4528
4532
4544
4551
4556
4565
4575
4581
4587
4596
4603
4621
4624
4626
4626
4633
4645
4660
4662
4666
4691
4699
4704
4718
4742
4772
4784
4795
4810
4829
4833
4846
4847
4864
4874
4892
4899
4901
4917
4926
4927
4933
4955
4976
4977
5004
5041
5043
5044
5044
5045
5046
5049
5051
5060
5071
5074
5088
5089
5096
5120
5120
5125
5142
5143
5145
5155
5171
5182
5189
5204
5204
5207
5214
5236
5262
5278
5301
5305
5309
5381
5393
5410
5411
5416
5426
5430
5431
5433
5452
5452
5479
5487
5499
5548
5588
5668
5680
5724
5724
5726
5768
5770
5777
5781
5805
5806
5841
5850
5879
5883
5894
5903
5909
5913
5927
5931
5956
5962
5968
5972
6028
6039
6051
6057
6061
6081
6083
6177
6189
6204
6224
6289
6309
6348
6358
6369
6375
6395
6416
6430
6455
6479
6486
6488
6493
6494
6497
6539
6557
6575
6578
6578
6582
6586
6622
6635
6672
6716
6742
6758
6775
6777
6781
6781
6799
6818
6823
6825
6832
6927
6937
6965
6969
6970
6976
6977
6991
7016
7116
7126
7154
7173
7208
7224
7261
7304
7318
7378
7425
7462
7481
7498
7581
7590
7606
7630
7648
7671
7692
7739
7780
7815
7889
7914
7934
7936
7944
8008
8056
8059
8074
8126
8179
8252
8256
8334
8370
8478
8652
8666
8757
8834
8835
8841
8910
8928
8948
8965
8995
9084
9105
9115
9249
9267
9268
9317
9335
9374
9397
9562
9662
9734
9765
9808
9869
9906
10077
10324
10410
10432
10499
10525
10684
10684
10698
10722
10730
